0.289	8.907
1.854	9.256
1.657	9.863
5.786	10.691
4.727	10.777
6.939	11.460
7.432	11.670
11.067	13.114
5.298	13.786
5.247	14.509
20.865	23.364
23.421	27.967
26.966	30.324
31.248	34.713
31.318	37.123
34.109	38.325
31.698	39.450
32.637	39.493
38.142	42.117
35.198	43.231
34.198	43.837
39.584	44.107
40.212	44.161
43.274	48.514
46.586	48.697
48.107	49.636
46.702	49.809
49.710	51.044
49.653	52.190
54.512	55.987
54.280	55.991
54.860	56.112
54.246	57.295
53.657	58.549
57.394	58.637
57.346	58.983
57.625	60.874
59.486	61.224
59.802	62.465
62.070	66.819
65.267	67.292
66.272	68.514
69.848	70.685
67.124	72.253
66.393	72.270
74.068	79.094
78.192	79.804
78.653	80.557
78.873	81.013
75.757	81.610
79.660	84.030
80.937	84.117
80.109	86.379
86.319	90.043
87.821	90.665
87.644	93.438
90.668	93.884
91.500	94.791
97.892	100.019
97.672	100.801
100.995	104.130
104.041	105.615
104.212	107.568
109.394	111.877
112.912	114.131
113.156	115.634
122.029	122.881
122.581	126.769
126.013	130.235
124.116	130.341
123.532	133.032
124.197	133.527
134.455	135.152
133.721	135.885
131.390	137.044
130.905	138.023
142.649	145.330
148.300	149.558
149.062	154.037
150.438	155.251
152.041	156.412
149.876	156.594
153.063	158.773
152.728	159.674
162.471	163.692
159.024	164.904
167.506	170.248
172.333	175.079
177.930	178.865
175.591	181.176
180.440	181.900
187.054	190.282
190.866	192.387
191.462	193.990
193.153	194.642
193.421	197.215
194.446	198.436
195.950	200.471
198.270	200.706
199.574	202.079
204.422	207.312
204.323	208.182
204.769	211.284
207.128	211.745
209.795	216.396
216.236	217.565
216.727	219.041
219.016	221.430
219.377	224.703
222.676	226.418
229.086	232.576
231.242	235.617
238.338	241.010
238.698	241.622
245.107	246.677
245.358	247.378
245.366	247.486
248.012	249.994
247.341	250.344
248.589	254.364
255.859	259.258
258.791	260.454
259.020	262.407
260.889	264.324
262.288	265.518
263.456	266.988
260.596	269.010
267.461	269.567
266.512	269.859
269.284	274.185
277.972	280.916
280.702	285.856
282.638	287.062
283.624	290.112
286.737	292.062
285.380	292.625
288.724	292.631
294.257	299.114
297.635	299.302
300.097	303.119
303.677	305.016
305.104	307.457
307.244	310.893
309.589	312.200
310.057	312.775
310.213	313.869
311.646	314.778
314.146	317.089
314.674	317.246
318.704	322.674
321.158	325.342
323.106	325.486
326.184	327.559
333.411	337.744
335.275	338.945
336.348	341.862
335.573	342.043
336.123	343.174
336.761	344.287
337.249	344.287
344.156	345.946
345.522	346.445
343.905	347.093
348.954	350.680
351.464	355.167
361.831	365.424
362.601	369.287
368.522	370.552
363.623	371.308
368.640	371.790
372.305	374.769
375.978	376.466
376.169	378.577
378.490	381.940
380.484	385.282
380.609	385.999
382.468	386.905
383.340	388.875
384.443	390.601
389.530	394.303
386.997	394.307
387.433	394.403
393.809	395.166
387.325	396.950
388.358	397.303
397.032	397.641
399.670	401.768
403.523	405.152
402.959	405.811
406.584	410.702
408.698	414.989
412.299	416.546
415.862	416.840
417.335	418.717
418.133	420.342
417.424	420.541
419.523	422.889
420.311	424.693
421.618	430.183
424.999	431.766
425.288	431.779
428.353	433.218
434.058	436.229
441.858	442.962
444.183	447.587
445.242	449.045
446.820	449.770
448.820	450.675
452.622	455.822
452.666	459.401
457.800	461.867
453.334	462.803
463.591	468.167
476.187	483.082
479.129	484.989
483.415	487.499
487.225	488.679
489.576	490.070
493.940	499.630
495.637	501.958
499.786	503.906
499.051	505.221
501.383	508.850
511.801	514.427
512.830	518.952
517.410	522.359
518.658	522.391
520.847	523.135
519.972	523.502
521.450	526.315
533.623	535.988
535.974	538.722
538.488	544.215
538.679	547.284
539.751	547.392
538.732	547.718
544.105	549.068
544.722	549.949
548.624	551.388
549.611	551.773
541.644	551.782
542.496	553.167
554.321	556.480
555.297	558.615
557.732	561.014
560.583	561.668
556.375	563.741
569.597	576.733
570.219	578.003
573.915	578.539
574.976	579.183
577.744	580.519
577.123	580.966
580.940	582.186
576.801	583.460
578.570	583.769
584.041	585.259
584.343	585.505
583.283	588.211
586.770	589.009
587.223	589.551
587.215	590.759
588.234	591.224
589.035	592.668
591.321	592.734
591.539	593.414
587.400	594.604
593.637	595.372
591.603	596.107
595.085	598.877
598.340	602.150
602.426	605.051
603.927	606.026
608.498	610.352
609.919	610.924
611.498	612.858
612.780	613.873
614.905	618.334
617.474	619.027
619.768	622.538
625.773	627.397
623.994	627.966
624.811	629.071
626.402	631.028
627.373	632.656
631.444	634.278
626.418	634.561
630.394	635.200
631.520	635.539
631.756	635.861
636.176	637.618
635.627	639.273
632.388	642.773
639.176	644.152
640.140	644.164
643.527	646.943
640.026	648.047
644.991	648.386
645.369	649.058
648.814	652.062
652.094	654.028
649.024	654.039
647.848	654.042
655.061	657.142
656.948	657.562
657.103	659.897
656.623	661.915
660.301	664.390
663.798	667.255
665.807	670.349
666.799	672.459
671.554	673.332
676.298	679.157
674.538	680.698
681.789	685.457
683.909	686.475
684.163	687.800
686.214	691.221
686.239	691.607
689.161	692.787
688.079	693.278
693.908	694.766
689.609	695.095
694.768	695.887
695.047	697.223
691.282	697.432
687.313	697.624
696.590	699.427
698.313	699.835
700.277	701.959
703.297	704.423
703.021	705.544
705.142	708.456
705.996	708.612
706.465	709.092
704.259	710.010
708.261	711.111
708.381	712.427
714.657	717.682
716.664	717.888
718.479	718.837
717.892	721.862
716.923	722.229
721.362	723.446
724.754	726.225
721.985	726.659
724.476	726.674
723.383	730.215
730.008	731.284
725.236	731.312
731.528	733.198
731.106	735.737
732.942	736.066
732.553	737.326
732.419	740.007
736.117	740.825
733.030	742.901
742.686	744.118
734.039	744.477
741.572	745.430
744.466	748.698
750.689	752.520
750.718	753.913
752.319	754.871
747.560	756.281
754.331	757.494
757.657	758.229
758.138	760.676
762.720	763.763
758.901	766.772
766.312	768.207
767.349	769.186
766.685	769.835
764.713	770.217
767.998	770.558
774.059	775.917
772.891	777.597
772.133	777.662
774.817	778.423
776.592	780.297
783.820	784.301
785.587	786.246
788.270	791.224
785.701	792.714
796.267	797.395
796.356	798.722
796.285	799.519
797.705	800.743
798.140	801.225
803.544	804.765
803.586	805.771
809.667	811.884
809.821	813.206
815.894	819.307
817.284	819.932
821.176	824.195
823.428	826.639
825.298	826.897
825.392	829.740
828.533	831.827
826.567	831.888
832.124	832.918
829.414	834.764
833.903	837.726
834.073	840.443
837.784	842.453
834.348	843.041
834.878	843.761
838.480	844.365
842.504	846.113
844.376	846.610
845.380	850.338
848.838	850.683
848.104	851.438
852.117	852.824
850.529	852.831
849.764	853.940
852.298	856.238
855.986	857.080
857.560	858.943
855.054	861.315
861.388	862.238
862.197	862.462
857.419	863.956
862.644	864.084
863.176	865.866
864.797	866.324
864.829	867.489
865.322	868.524
868.815	869.618
868.490	872.542
870.850	872.570
870.596	873.851
877.530	878.398
876.949	879.203
878.111	879.364
883.236	885.845
882.258	886.290
887.433	890.900
887.583	892.107
893.872	895.447
893.907	896.604
892.653	897.192
898.012	900.029
899.986	901.161
900.523	903.684
901.264	904.796
906.227	909.315
906.641	912.909
907.066	913.746
913.344	917.260
911.152	917.369
917.307	919.137
913.882	919.932
914.914	921.685
918.227	921.758
913.410	921.878
918.974	923.736
923.651	927.049
925.390	927.192
926.812	927.675
926.525	928.271
926.913	929.570
930.953	932.295
931.792	935.578
940.231	941.284
940.305	942.614
940.596	944.422
943.972	946.572
944.102	949.626
945.779	951.245
944.500	951.541
951.020	952.993
942.271	953.308
945.082	953.546
953.466	955.144
952.687	955.608
955.140	958.312
959.285	961.383
958.716	963.848
962.629	964.134
960.973	966.250
964.281	966.705
964.387	967.981
966.714	968.254
969.552	970.753
973.512	974.461
977.696	979.532
973.131	980.554
986.472	991.958
995.988	999.015
997.909	1000.749
999.134	1002.694
1005.343	1008.120
1005.679	1012.233
1006.635	1014.032
1007.905	1014.106
1009.076	1015.507
1007.794	1015.710
1011.960	1016.613
1010.138	1018.200
1015.165	1018.466
1009.151	1018.559
1018.956	1021.843
1020.483	1021.998
1019.067	1022.991
1024.860	1027.022
1028.726	1029.053
1025.176	1029.924
1029.665	1030.396
1028.508	1031.454
1031.000	1033.301
1032.741	1034.706
1034.085	1036.061
1037.259	1039.940
1035.621	1040.765
1039.053	1040.838
1040.590	1041.335
1042.395	1046.551
1046.145	1048.656
1045.247	1048.925
1049.234	1051.750
1050.247	1052.748
1054.261	1056.412
1051.232	1057.697
1056.151	1058.225
1057.289	1059.563
1060.423	1061.935
1057.622	1064.137
1062.921	1066.776
1062.454	1070.135
1069.820	1070.966
1070.870	1071.653
1070.107	1073.303
1071.594	1073.400
1071.406	1075.323
1072.488	1076.121
1072.622	1076.980
1075.162	1077.949
1077.551	1079.517
1080.743	1084.015
1083.245	1085.554
1084.174	1086.522
1085.092	1086.648
1085.635	1088.260
1081.766	1088.271
1087.553	1090.135
1090.970	1093.081
1092.044	1096.277
1096.768	1099.205
1099.987	1100.306
1097.980	1100.767
1100.667	1101.403
1098.839	1101.981
1105.697	1107.693
1103.851	1108.973
1111.471	1113.817
1116.328	1119.042
1117.480	1120.456
1118.402	1121.623
1118.637	1122.328
1123.480	1125.060
1125.184	1126.545
1126.993	1128.862
1128.918	1130.186
1131.367	1133.056
1132.794	1136.655
1127.619	1137.019
1135.852	1137.610
1133.862	1139.368
1143.055	1147.342
1146.706	1149.405
1148.112	1153.907
1150.328	1154.606
1151.184	1158.429
1148.380	1159.093
1150.946	1159.874
1155.139	1160.070
1153.516	1160.113
1155.025	1160.664
1155.867	1161.749
1159.881	1161.771
1146.932	1162.063
1161.535	1162.852
1162.150	1164.069
1163.297	1166.618
1163.366	1166.675
1162.106	1167.057
1167.148	1170.442
1176.440	1181.111
1177.350	1183.767
1178.176	1186.253
1178.172	1187.910
1177.946	1188.150
1190.218	1192.326
1189.260	1194.315
1194.223	1197.347
1198.775	1200.104
1198.568	1201.075
1200.798	1203.559
1199.663	1203.839
1203.456	1205.759
1202.764	1205.959
1204.089	1207.072
1204.314	1208.704
1207.362	1212.582
1209.526	1214.015
1212.300	1214.781
1219.375	1220.416
1222.811	1224.994
1222.281	1228.323
1222.987	1228.512
1224.874	1228.534
1224.967	1229.828
1228.882	1232.186
1226.906	1232.539
1237.774	1240.361
1247.564	1250.094
1247.893	1253.327
1247.574	1254.354
1252.677	1256.198
1248.346	1256.335
1252.203	1257.068
1255.089	1257.833
1256.522	1258.780
1256.668	1259.326
1259.847	1260.580
1258.293	1261.972
1262.390	1263.949
1261.712	1264.842
1269.980	1270.705
1270.706	1273.242
1271.139	1275.638
1273.346	1277.215
1273.880	1277.528
1278.781	1279.861
1273.862	1281.085
1278.797	1281.271
1282.936	1284.780
1283.800	1285.241
1283.333	1286.806
1284.294	1289.172
1288.431	1290.335
1286.094	1290.769
1289.065	1291.822
1295.796	1297.472
1295.373	1298.642
1295.980	1300.020
1300.452	1302.173
1300.371	1303.824
1303.868	1309.112
1311.698	1313.518
1310.873	1314.088
1315.094	1318.427
1321.728	1323.971
1323.560	1326.229
1320.781	1327.048
1325.325	1330.037
1327.290	1332.231
1328.725	1333.681
1330.505	1335.687
1332.891	1336.782
1330.871	1337.410
1335.064	1337.652
1332.215	1339.513
1335.995	1339.900
1340.991	1342.172
1339.299	1342.821
1340.953	1344.516
1342.915	1346.147
1345.952	1347.193
1343.457	1349.169
1355.988	1356.946
1355.998	1358.864
1359.632	1363.772
1366.731	1370.059
1369.241	1371.621
1370.063	1376.085
1372.836	1378.628
1374.258	1379.434
1383.616	1385.759
1386.076	1389.256
1387.476	1390.653
1386.965	1391.143
1392.243	1394.095
1392.573	1394.869
1394.166	1397.531
1391.661	1399.048
1394.272	1399.757
1396.082	1403.522
1401.591	1403.871
1402.755	1405.745
1405.360	1406.406
1405.468	1412.510
1407.266	1415.270
1407.580	1415.743
1408.037	1416.735
1416.681	1418.012
1412.893	1418.351
1419.115	1419.687
1419.454	1423.334
1422.358	1424.171
1420.734	1425.674
1422.407	1426.286
1424.581	1427.385
1420.564	1427.429
1425.188	1429.969
1425.134	1430.188
1423.968	1432.144
1429.293	1432.663
1428.136	1433.680
1433.695	1437.123
1433.590	1437.743
1435.799	1439.631
1446.183	1450.157
1447.994	1452.540
1449.974	1455.757
1448.077	1457.550
1455.879	1458.395
1452.542	1460.688
1454.816	1462.365
1466.955	1470.387
1464.557	1470.408
1470.285	1470.839
1465.957	1471.010
1469.644	1471.878
1473.767	1475.418
1472.513	1477.147
1477.137	1478.348
1477.227	1479.572
1484.370	1487.480
1480.925	1487.978
1488.382	1490.842
1489.819	1492.913
1493.725	1494.778
1493.695	1498.070
1497.824	1498.567
1503.466	1508.063
1503.217	1508.298
1507.392	1510.197
1509.623	1512.410
1506.481	1513.738
1510.097	1515.369
1512.003	1516.276
1512.512	1516.497
1512.275	1517.264
1514.758	1518.220
1512.956	1518.595
1514.112	1520.152
1517.308	1520.750
1520.056	1521.305
1516.956	1521.939
1513.809	1526.193
1525.191	1528.435
1525.826	1529.460
1528.157	1530.505
1525.225	1530.801
1534.709	1538.225
1537.877	1540.360
1543.687	1545.848
1545.120	1546.635
1543.843	1547.589
1546.927	1551.523
1551.834	1552.955
1549.892	1553.093
1555.527	1559.562
1558.737	1560.989
1556.583	1562.960
1558.811	1563.184
1560.900	1563.871
1563.385	1565.208
1561.675	1566.390
1566.597	1567.655
1569.204	1572.291
1568.835	1574.133
1576.322	1577.808
1577.673	1578.532
1577.396	1579.681
1578.813	1580.827
1578.851	1582.103
1581.592	1584.417
1584.734	1585.295
1585.723	1591.055
1587.491	1592.836
1588.923	1594.693
1586.679	1596.494
1591.048	1597.570
1599.725	1601.484
1601.995	1604.077
1602.597	1605.062
1604.967	1605.740
1605.353	1605.924
1606.373	1607.085
1607.334	1608.806
1609.034	1610.535
1608.998	1611.049
1607.485	1611.166
1616.775	1617.580
1615.767	1620.141
1618.403	1621.312
1617.977	1621.767
1621.097	1623.745
1619.095	1624.179
1622.084	1624.496
1621.591	1624.523
1624.157	1625.905
1626.174	1630.100
1629.758	1633.008
1630.415	1633.186
1632.151	1633.525
1628.717	1633.779
1635.134	1637.400
1635.957	1638.081
1639.939	1641.758
1639.025	1643.650
1641.072	1643.851
1643.667	1648.185
1646.111	1648.364
1647.984	1649.527
1648.952	1650.460
1649.804	1654.181
1650.755	1654.646
1652.156	1654.862
1659.345	1660.500
1662.915	1664.479
1663.188	1666.947
1666.513	1668.683
1668.356	1671.311
1668.736	1672.296
1671.031	1673.738
1677.449	1686.410
1680.234	1686.635
1681.737	1688.013
1685.896	1689.923
1684.979	1690.373
1683.364	1690.938
1688.111	1698.743
1698.587	1699.448
1697.330	1701.028
1699.885	1701.389
1700.549	1702.684
1701.781	1703.578
1702.493	1704.353
1701.654	1704.387
1703.280	1704.673
1707.335	1709.352
1705.965	1711.619
1712.586	1717.350
1714.045	1718.394
1716.163	1719.431
1719.918	1722.099
1720.235	1722.404
1722.585	1726.449
1721.671	1726.935
1728.738	1732.907
1729.565	1735.148
1732.827	1735.773
1737.517	1739.356
1747.031	1749.523
1748.534	1751.025
1748.836	1754.632
1756.753	1759.314
1749.138	1759.420
1756.932	1760.063
1757.813	1762.297
1760.997	1762.976
1763.652	1767.074
1764.460	1767.941
1764.862	1771.110
1770.588	1773.822
1768.057	1774.333
1780.805	1782.200
1779.425	1782.419
1781.376	1783.809
1781.387	1785.336
1786.534	1791.489
1789.024	1793.848
1789.685	1794.975
1787.396	1796.478
1792.520	1796.741
1789.999	1797.095
1793.631	1797.864
1789.617	1798.431
1789.323	1798.473
1794.920	1800.675
1798.702	1801.009
1807.893	1809.720
1810.381	1816.437
1810.884	1818.959
1812.228	1819.005
1811.376	1819.200
1815.134	1820.924
1812.686	1821.156
1815.533	1822.186
1820.866	1822.750
1822.782	1823.564
1821.785	1823.820
1821.931	1825.932
1823.508	1825.959
1825.951	1827.953
1826.068	1828.348
1820.735	1829.464
1832.190	1833.557
1831.621	1834.507
1839.086	1843.479
1840.755	1846.222
1841.872	1846.705
1845.878	1847.568
1843.391	1847.862
1844.244	1848.775
1847.496	1848.934
1849.369	1850.377
1848.305	1852.294
1851.606	1853.030
1847.307	1853.912
1853.292	1856.835
1855.397	1857.436
1852.320	1857.788
1857.390	1863.019
1864.272	1866.848
1865.523	1867.828
1866.766	1870.338
1869.327	1870.879
1875.373	1878.782
1880.467	1881.474
1874.369	1883.066
1886.031	1887.863
1888.248	1890.035
1891.763	1892.872
1891.904	1894.636
1889.341	1897.734
1892.381	1898.244
1897.551	1899.465
1898.688	1901.229
1899.591	1904.812
1902.781	1907.240
1900.827	1909.208
1908.487	1912.471
1909.951	1914.204
1914.793	1916.480
1918.269	1919.391
1918.780	1919.957
1920.359	1922.210
1919.734	1922.501
1921.021	1925.295
1923.191	1925.920
1924.653	1927.157
1927.933	1929.412
1926.733	1931.664
1935.214	1939.215
1934.388	1941.418
1942.282	1944.807
1942.648	1946.141
1944.680	1947.943
1949.054	1950.057
1948.068	1951.011
1950.022	1951.871
1953.539	1955.169
1953.556	1955.481
1953.768	1958.029
1953.875	1960.353
1958.113	1962.732
1957.215	1962.922
1963.001	1964.807
1962.198	1965.391
1964.752	1967.389
1965.928	1968.594
1967.217	1970.180
1967.216	1970.482
1971.127	1972.162
1971.424	1974.984
1973.311	1976.512
1975.599	1976.635
1977.773	1981.634
1980.825	1982.068
1982.801	1984.603
1983.140	1987.491
1984.486	1987.616
1989.291	1989.398
1987.069	1989.791
1989.447	1992.308
1991.745	1997.905
1989.574	1998.238
1994.194	1999.104
1992.799	2000.568
1994.515	2000.846
1998.248	2001.718
1996.098	2002.182
1998.916	2002.317
1994.656	2004.339
1998.595	2006.311
2004.438	2008.026
2004.158	2008.250
2007.358	2009.063
2009.611	2010.383
2007.585	2011.025
2011.568	2013.698
2010.556	2015.542
2013.611	2017.543
2010.857	2020.951
2020.348	2021.337
2021.269	2026.225
2026.790	2030.091
2027.087	2030.924
2028.577	2032.036
2028.438	2033.721
2031.686	2033.760
2029.770	2035.656
2036.509	2039.291
2039.199	2044.716
2039.992	2044.851
2040.435	2046.729
2041.157	2047.948
2047.720	2050.891
2045.904	2053.422
2051.977	2056.383
2054.753	2059.036
2059.738	2060.585
2059.186	2063.702
2063.094	2066.905
2061.510	2069.321
2065.520	2069.867
2069.793	2072.221
2076.106	2078.733
2076.753	2079.786
2079.402	2080.352
2079.639	2080.808
2077.969	2082.208
2083.913	2085.855
2082.223	2085.856
2084.642	2085.951
2089.691	2091.815
2090.990	2092.484
2090.936	2094.573
2089.599	2095.749
2099.527	2100.587
2102.231	2104.505
2108.814	2112.050
2110.286	2116.941
2113.330	2118.191
2120.608	2121.835
2124.906	2131.675
2128.234	2132.714
2125.810	2133.191
2131.859	2134.647
2130.935	2136.761
2132.649	2136.771
2132.934	2137.494
2137.322	2138.042
2134.048	2138.901
2139.941	2143.430
2139.412	2144.014
2150.793	2152.051
2151.591	2154.242
2151.422	2154.970
2151.685	2155.678
2152.921	2157.643
2152.146	2157.747
2158.016	2159.034
2159.480	2159.629
2158.141	2161.115
2161.194	2162.415
2165.065	2167.382
2162.325	2168.286
2165.519	2170.476
2170.717	2171.550
2166.117	2172.044
2170.836	2172.989
2171.143	2174.004
2171.804	2176.822
2170.850	2177.101
2174.494	2178.636
2174.635	2180.433
2174.855	2181.067
2172.269	2181.296
2179.964	2181.775
2175.658	2182.243
2181.782	2185.028
2183.788	2187.184
2183.476	2187.493
2186.430	2187.655
2188.618	2191.063
2188.352	2192.231
2190.821	2193.337
2189.621	2193.779
2192.770	2194.968
2196.727	2198.269
2204.334	2206.077
2206.485	2206.927
2207.581	2209.361
2208.609	2211.951
2209.911	2214.934
2209.158	2215.191
2210.213	2215.491
2217.167	2217.985
2214.704	2218.178
2216.050	2221.740
2221.048	2223.802
2218.120	2223.892
2224.783	2227.795
2224.506	2228.276
2225.699	2231.450
2229.595	2231.849
2230.541	2232.197
2231.320	2232.212
2228.429	2233.531
2231.716	2233.720
2234.419	2236.900
2239.118	2244.497
2241.211	2245.262
2244.665	2245.532
2245.066	2248.746
2248.255	2251.753
2251.175	2255.649
2255.743	2258.672
2255.737	2259.686
2258.513	2260.132
2259.108	2263.773
2261.197	2266.798
2266.103	2267.158
2266.557	2267.557
2257.691	2268.843
2267.716	2269.391
2274.754	2276.373
2270.174	2277.470
2276.108	2281.013
2281.644	2282.315
2282.436	2282.794
2281.607	2283.100
2286.403	2287.943
2285.020	2289.432
2289.164	2291.077
2290.969	2291.644
2290.402	2293.961
2291.893	2294.252
2295.781	2296.619
2292.466	2297.437
2297.028	2297.477
2297.179	2298.243
2299.998	2301.797
2302.150	2303.296
2302.476	2306.871
2299.021	2307.281
2304.298	2310.376
2304.526	2310.693
2305.311	2310.722
2307.288	2311.055
2308.124	2311.578
2309.215	2312.674
2310.199	2313.007
2311.651	2313.988
2306.693	2314.510
2318.382	2320.749
2319.663	2322.337
2323.782	2326.477
2329.873	2330.883
2332.323	2332.981
2328.873	2334.187
2337.928	2342.794
2339.815	2344.621
2342.312	2347.030
2343.367	2347.680
2355.196	2355.611
2356.024	2365.045
2357.116	2365.939
2359.643	2368.781
2360.506	2368.988
2361.768	2369.221
2363.217	2369.813
2364.441	2371.047
2369.924	2371.386
2369.384	2372.219
2371.390	2374.467
2374.480	2375.156
2376.224	2378.264
2379.815	2381.297
2376.145	2381.675
2378.392	2383.490
2382.529	2386.104
2385.704	2386.794
2387.984	2391.141
2396.914	2398.739
2394.504	2399.810
2406.681	2408.885
2407.462	2413.105
2408.626	2414.766
2409.426	2415.473
2408.729	2415.529
2416.139	2418.034
2415.810	2419.785
2413.889	2419.977
2416.423	2421.699
2418.267	2425.580
2424.899	2428.467
2424.318	2430.573
2429.004	2431.897
2429.954	2434.501
2433.654	2436.432
2435.265	2437.253
2436.593	2438.076
2438.155	2440.041
2438.466	2441.229
2448.032	2450.925
2452.888	2459.324
2453.801	2460.380
2453.742	2460.860
2459.065	2461.587
2452.713	2461.597
2459.192	2463.513
2460.011	2463.803
2460.004	2465.073
2460.007	2465.311
2460.504	2466.481
2465.445	2466.551
2464.952	2466.849
2465.327	2469.058
2470.968	2474.829
2477.449	2482.381
2482.203	2488.928
2483.064	2490.876
2484.209	2492.379
2489.864	2494.964
2490.756	2495.109
2483.583	2495.717
2491.207	2496.718
2491.737	2497.076
2494.802	2497.227
2494.603	2499.409
2495.276	2499.580
2499.337	2501.829
2499.115	2502.457
2503.608	2505.689
2502.513	2507.005
2508.827	2509.658
2507.470	2510.056
2509.853	2511.042
2510.382	2513.020
2514.508	2517.359
2516.252	2518.441
2517.004	2519.128
2519.236	2519.971
2517.081	2521.335
2522.679	2523.998
2521.703	2524.328
2520.625	2525.845
2524.709	2529.912
2525.665	2530.719
2529.510	2531.658
2528.252	2533.441
2537.187	2537.932
2537.060	2539.648
2538.900	2540.462
2534.245	2540.894
2539.979	2541.714
2539.308	2542.289
2538.563	2543.138
2543.621	2544.822
2544.415	2545.384
2543.146	2546.850
2545.422	2548.020
2545.820	2548.043
2552.876	2556.392
2554.446	2556.400
2557.147	2558.050
2554.994	2559.307
2558.792	2562.452
2562.042	2564.180
2555.808	2564.444
2562.874	2565.510
2569.635	2572.718
2571.001	2574.418
2572.229	2574.429
2570.914	2574.810
2572.448	2575.126
2576.754	2578.267
2573.570	2579.290
2577.578	2580.396
2581.484	2582.482
2577.505	2583.021
2581.249	2584.229
2583.892	2585.485
2588.987	2590.874
2588.631	2592.524
2593.607	2596.010
2590.566	2596.032
2596.010	2597.720
2596.101	2598.878
2592.464	2603.055
2603.933	2604.827
2603.075	2606.767
2606.232	2608.945
2605.047	2609.815
2605.631	2610.400
2611.366	2616.485
2613.602	2616.983
2615.298	2617.185
2615.810	2618.978
2617.805	2623.272
2623.988	2625.565
2619.667	2625.621
2627.065	2630.256
2627.304	2630.547
2627.055	2631.394
2631.160	2632.383
2634.295	2636.108
2634.989	2639.176
2633.160	2640.045
2638.682	2642.321
2641.029	2644.032
2642.682	2644.301
2645.369	2645.821
2641.782	2645.889
2644.755	2646.265
2653.590	2654.220
2654.521	2656.411
2656.229	2658.752
2656.532	2660.788
2661.104	2663.491
2666.028	2669.762
2667.665	2673.604
2669.330	2674.648
2669.873	2675.428
2673.198	2677.741
2672.672	2679.608
2677.929	2682.468
2678.177	2683.020
2681.451	2684.226
2686.018	2687.218
2689.929	2692.995
2691.397	2693.664
2693.431	2694.662
2695.839	2698.478
2695.841	2699.233
2698.050	2699.578
2695.939	2699.756
2699.754	2701.938
2697.170	2703.127
2705.518	2708.563
2710.349	2713.127
2711.903	2714.651
2714.158	2716.958
2712.616	2717.255
2716.987	2719.865
2718.767	2721.263
2722.285	2728.784
2724.807	2730.071
2729.152	2731.701
2727.427	2734.255
2729.304	2734.261
2732.225	2737.640
2732.507	2738.731
2736.544	2740.397
2733.678	2740.785
2732.677	2742.363
2740.273	2743.710
2737.393	2744.124
2742.739	2744.351
2736.508	2745.253
2739.791	2746.294
2745.648	2747.620
2747.340	2749.098
2749.321	2751.303
2749.522	2751.688
2748.535	2752.970
2759.137	2760.509
2759.177	2761.733
2760.306	2762.447
2761.040	2763.188
2760.899	2765.479
2761.662	2765.618
2764.726	2767.457
2766.976	2769.089
2768.518	2769.796
2762.657	2770.739
2772.507	2773.384
2771.472	2777.623
2775.502	2778.210
2775.889	2778.638
2781.233	2785.623
2783.309	2786.744
2781.549	2787.025
2787.437	2789.812
2784.646	2792.366
2790.807	2793.224
2795.068	2796.194
2800.818	2802.896
2802.550	2804.694
2804.147	2808.209
2801.577	2810.972
2810.557	2813.344
2812.210	2816.316
2816.319	2818.133
2816.708	2819.179
2821.225	2824.079
2825.516	2828.787
2825.662	2829.063
2827.546	2830.698
2831.001	2833.511
2832.927	2833.924
2841.108	2843.493
2844.419	2847.535
2845.152	2849.565
2847.763	2853.264
2851.360	2855.364
2849.186	2856.097
2856.464	2856.779
2856.459	2857.777
2857.398	2859.203
2848.317	2859.788
2859.264	2860.959
2859.828	2863.019
2862.350	2864.227
2860.505	2865.284
2859.667	2866.692
2867.218	2868.487
2867.541	2869.032
2870.880	2872.800
2873.441	2874.949
2877.705	2878.951
2878.008	2880.526
2878.904	2880.758
2878.969	2883.129
2882.313	2883.336
2882.683	2886.360
2884.231	2888.219
2887.329	2888.720
2888.906	2891.465
2889.972	2894.072
2892.979	2894.420
2893.437	2895.755
2898.804	2901.697
2899.990	2902.748
2902.115	2906.011
2902.100	2906.128
2905.383	2907.869
2909.308	2909.864
2908.304	2910.203
2911.906	2913.195
2919.210	2922.254
2919.921	2926.627
2922.341	2929.890
2924.647	2929.988
2927.494	2932.058
2926.988	2932.690
2931.554	2934.262
2928.752	2934.624
2937.226	2939.348
2940.568	2942.217
2942.469	2946.185
2945.534	2946.394
2956.864	2964.138
2958.949	2964.461
2960.682	2966.000
2962.821	2967.252
2965.347	2968.194
2967.516	2970.948
2965.769	2972.701
2971.096	2973.745
2969.546	2974.665
2975.354	2977.080
2976.322	2977.134
2979.451	2981.452
2976.736	2983.586
2981.671	2985.691
2983.734	2986.334
2985.262	2989.348
2987.447	2991.697
2989.990	2992.907
2987.554	2995.612
2999.546	3001.934
2999.916	3001.995
3001.985	3003.927
3003.960	3007.864
3006.484	3008.566
3005.934	3010.553
3011.192	3012.842
3016.150	3017.785
3018.723	3020.178
3019.521	3020.561
3020.472	3021.756
3019.958	3023.505
3021.679	3024.852
3021.774	3025.772
3026.240	3027.255
3022.804	3029.812
3027.002	3032.174
3037.701	3038.926
3036.971	3040.102
3038.071	3043.258
3040.416	3043.408
3046.890	3048.361
3048.343	3051.404
3051.627	3056.723
3054.342	3057.713
3054.090	3059.403
3056.566	3060.417
3055.341	3062.038
3055.221	3062.334
3058.367	3063.549
3059.786	3063.874
3060.155	3064.634
3066.939	3067.341
3063.727	3068.502
3066.512	3068.907
3068.105	3070.034
3072.394	3074.570
3073.907	3075.355
3074.387	3076.712
3074.720	3078.701
3078.123	3079.437
3080.384	3080.979
3077.598	3083.129
3082.698	3085.818
3085.351	3088.642
3089.206	3093.253
3096.805	3098.647
3097.485	3099.804
3097.598	3101.090
3100.415	3104.622
3098.240	3106.407
3101.684	3107.483
3103.860	3107.914
3102.904	3107.921
3099.067	3108.096
3104.168	3113.758
3111.286	3114.912
3117.370	3118.665
3115.132	3120.519
3119.903	3121.670
3124.588	3127.461
3125.127	3127.662
3121.012	3132.166
3133.488	3135.601
3131.503	3136.737
3133.799	3137.327
3138.103	3138.481
3139.798	3140.922
3135.617	3142.076
3140.174	3142.982
3140.693	3144.164
3146.007	3148.245
3150.647	3152.053
3152.941	3154.394
3153.263	3154.614
3151.475	3156.731
3153.766	3157.667
3154.378	3158.605
3156.427	3160.022
3159.461	3161.062
3158.070	3161.276
3160.374	3165.307
3162.593	3166.216
3169.016	3170.301
3169.392	3170.794
3169.266	3171.211
3171.724	3174.318
3173.468	3175.944
3171.199	3179.265
3177.179	3179.837
3179.365	3181.222
3183.287	3184.476
3182.624	3184.522
3182.546	3185.524
3185.085	3187.460
3189.525	3190.777
3189.241	3192.865
3190.382	3193.100
3195.467	3199.472
3195.496	3199.940
3197.796	3203.369
3201.741	3204.412
3196.194	3204.482
3203.019	3205.453
3205.649	3207.520
3203.226	3208.014
3218.924	3224.502
3215.801	3227.594
3221.795	3230.111
3222.664	3230.409
3222.446	3230.946
3225.279	3231.618
3230.768	3236.152
3234.778	3236.164
3236.599	3238.944
3238.853	3239.189
3237.022	3239.516
3240.340	3242.073
3239.915	3242.517
3237.651	3242.933
3245.470	3246.271
3245.455	3248.165
3254.921	3257.052
3258.353	3261.584
3259.057	3265.789
3262.049	3266.320
3258.587	3266.447
3267.989	3270.167
3268.721	3270.334
3270.245	3274.264
3274.198	3276.058
3274.860	3278.450
3272.064	3278.882
3276.407	3280.880
3277.743	3281.531
3280.431	3285.688
3280.026	3285.834
3281.427	3286.542
3279.902	3287.073
3283.411	3288.393
3285.792	3288.639
3282.471	3290.003
3290.860	3292.570
3293.807	3295.102
3296.419	3298.152
3295.906	3298.220
3304.144	3307.731
3306.259	3309.107
3307.779	3312.287
3306.740	3314.246
3308.558	3314.843
3309.766	3317.472
3312.764	3318.128
3312.346	3319.507
3312.996	3319.508
3319.454	3320.166
3313.484	3321.186
3314.575	3323.026
3315.602	3323.119
3321.127	3324.695
3322.429	3325.084
3321.193	3325.510
3322.941	3325.531
3328.057	3328.731
3327.217	3329.570
3324.734	3331.194
3327.696	3331.279
3334.121	3335.600
3334.667	3335.688
3333.524	3336.493
3336.418	3338.486
3334.791	3341.425
3338.212	3341.528
3339.614	3343.471
3340.212	3343.523
3340.916	3343.788
3341.152	3344.303
3349.371	3351.722
3351.813	3363.163
3366.778	3369.100
3370.884	3372.777
3371.264	3374.743
3373.847	3380.623
3374.102	3382.792
3378.158	3383.099
3376.779	3384.780
3380.766	3385.826
3378.366	3386.389
3384.311	3388.880
3378.457	3389.242
3389.763	3393.024
3392.040	3393.041
3389.375	3393.711
3395.872	3396.975
3397.781	3401.633
3400.270	3402.692
3398.565	3404.986
3404.814	3405.325
3407.460	3408.244
3405.960	3409.634
3407.078	3415.609
3416.992	3420.492
3418.829	3422.155
3421.832	3422.882
3424.754	3426.716
3429.668	3432.159
3430.115	3432.638
3430.558	3435.058
3434.511	3436.662
3439.625	3441.381
3439.651	3442.814
3440.712	3445.281
3449.382	3454.300
3459.470	3459.746
3460.872	3462.425
3464.003	3465.075
3464.327	3466.020
3464.575	3470.631
3466.322	3471.028
3469.860	3474.864
3467.835	3476.415
3468.740	3477.066
3470.137	3477.406
3477.608	3478.505
3477.031	3479.310
3475.665	3480.988
3485.231	3486.939
3485.172	3487.671
3483.129	3488.438
3484.466	3488.564
3488.702	3490.031
3486.430	3490.155
3487.210	3490.389
3489.954	3491.016
3485.931	3491.481
3491.918	3494.613
3493.044	3495.547
3496.984	3500.183
3498.189	3500.816
3494.867	3502.030
3503.036	3504.832
3504.030	3507.143
3506.079	3508.428
3507.257	3509.683
3506.415	3510.750
3509.145	3511.008
3511.449	3511.863
3509.487	3512.482
3509.898	3512.861
3509.069	3513.538
3511.540	3514.756
3515.553	3517.823
3517.189	3518.930
3513.288	3519.022
3517.551	3521.518
3520.366	3522.957
3524.225	3529.935
3527.696	3530.217
3528.325	3532.506
3527.357	3532.630
3531.134	3533.887
3535.237	3539.734
3543.291	3543.911
3545.680	3548.216
3547.327	3549.586
3547.376	3551.909
3548.679	3555.123
3555.826	3562.526
3552.657	3562.548
3552.514	3563.298
3558.944	3565.061
3559.891	3565.172
3562.718	3565.480
3565.739	3566.610
3556.712	3566.960
3556.934	3568.348
3565.780	3569.235
3575.966	3582.150
3573.925	3582.302
3580.205	3585.089
3578.812	3585.092
3579.258	3585.136
3578.204	3586.712
3577.453	3586.852
3586.358	3589.630
3588.613	3591.593
3590.939	3591.720
3582.813	3592.392
3596.915	3598.848
3596.143	3599.615
3596.498	3600.197
3599.622	3600.819
3604.881	3606.657
3607.356	3608.355
3604.393	3609.004
3604.315	3609.410
3612.491	3613.247
3612.568	3614.524
3612.488	3614.827
3613.326	3615.368
3611.444	3615.380
3617.165	3620.391
3616.574	3620.473
3620.383	3621.241
3619.999	3622.709
3622.116	3624.794
3625.493	3629.793
3625.659	3629.904
3627.103	3630.722
3629.962	3630.929
3626.034	3632.416
3627.503	3632.450
3633.849	3635.975
3633.406	3638.412
3638.283	3639.182
3637.716	3639.359
3636.425	3640.797
3638.995	3641.937
3641.541	3643.413
3642.839	3644.639
3644.803	3645.792
3645.910	3646.541
3646.223	3648.703
3649.992	3651.596
3648.653	3651.969
3650.334	3652.134
3650.161	3653.380
3651.833	3655.207
3659.594	3659.790
3662.544	3665.193
3662.843	3666.710
3667.472	3669.998
3673.481	3676.411
3673.151	3677.118
3674.832	3679.985
3676.177	3681.046
3677.142	3681.307
3675.677	3681.856
3677.586	3682.428
3676.516	3682.621
3681.822	3684.035
3679.052	3684.357
3682.469	3685.085
3684.262	3685.423
3684.372	3686.004
3683.328	3689.535
3685.999	3689.939
3687.639	3690.722
3691.812	3692.641
3695.861	3696.240
3694.150	3696.921
3694.576	3698.181
3695.695	3699.101
3700.338	3702.603
3699.791	3703.626
3703.901	3706.347
3707.843	3709.505
3708.314	3710.400
3707.119	3710.517
3706.320	3710.768
3708.990	3713.663
3713.414	3715.239
3720.151	3725.098
3719.623	3725.505
3721.716	3725.784
3724.393	3726.679
3724.149	3728.463
3731.811	3734.731
3732.094	3734.947
3734.849	3736.934
3733.366	3739.675
3735.510	3740.321
3740.141	3741.918
3741.602	3742.618
3746.532	3750.945
3745.745	3752.843
3765.844	3773.336
3773.622	3774.862
3776.933	3780.644
3777.336	3781.416
3777.592	3784.660
3780.795	3785.415
3782.049	3785.883
3784.124	3786.548
3781.149	3788.344
3790.306	3795.474
3792.149	3796.244
3795.936	3799.385
3799.125	3800.218
3801.028	3802.999
3802.252	3805.349
3805.347	3809.392
3810.324	3813.070
3812.744	3815.674
3813.717	3817.649
3813.749	3818.578
3814.786	3818.584
3814.947	3820.457
3820.270	3823.814
3822.826	3824.097
3826.689	3835.592
3839.897	3842.062
3840.053	3845.716
3844.123	3847.224
3850.728	3852.770
3851.168	3857.702
3856.115	3860.982
3857.306	3862.456
3858.611	3863.789
3858.463	3863.948
3860.181	3865.595
3862.102	3866.230
3859.587	3867.123
3867.209	3869.439
3865.830	3870.904
3869.567	3872.431
3874.309	3875.738
3873.339	3876.225
3875.287	3877.399
3874.791	3877.852
3877.111	3881.221
3880.353	3882.530
3884.337	3888.392
3885.486	3889.281
3891.199	3892.050
3897.675	3900.118
3899.376	3905.215
3900.639	3906.348
3905.182	3906.741
3906.441	3908.808
3905.240	3910.300
3900.582	3911.924
3912.459	3915.759
3913.470	3916.900
3914.341	3918.201
3916.403	3918.518
3919.063	3925.703
3924.165	3926.569
3923.978	3927.176
3925.755	3928.956
3929.698	3931.292
3925.956	3931.885
3930.215	3932.759
3930.490	3933.846
3936.515	3939.033
3936.427	3939.868
3933.941	3940.957
3937.918	3941.725
3940.038	3942.794
3939.261	3943.094
3940.705	3943.556
3938.502	3944.302
3941.420	3945.009
3944.397	3947.612
3945.508	3947.795
3948.265	3949.506
3951.670	3952.336
3946.658	3952.373
3951.016	3952.754
3952.293	3953.932
3951.151	3954.801
3955.174	3956.738
3957.370	3959.805
3955.831	3960.768
3957.887	3962.272
3963.189	3965.381
3957.742	3966.175
3964.388	3966.575
3964.383	3967.013
3964.110	3967.504
3966.546	3968.220
3964.490	3968.370
3964.692	3968.918
3968.257	3972.164
3970.744	3973.151
3972.849	3976.982
3978.419	3982.568
3981.976	3986.143
3981.755	3987.721
3983.576	3989.054
3988.529	3990.474
3988.909	3992.136
3991.570	3993.002
3991.082	3993.440
3992.103	3993.789
3994.706	3998.289
3993.457	3998.783
3996.575	4001.691
4001.306	4002.608
4001.293	4003.781
4003.681	4005.464
4001.398	4006.975
4015.371	4022.150
4016.829	4023.143
4016.121	4024.109
4017.775	4024.699
4018.513	4024.783
4020.340	4026.816
4027.277	4029.997
4028.992	4033.401
4032.624	4034.306
4030.288	4035.008
4031.747	4036.905
4037.559	4038.810
4037.096	4040.419
4039.184	4040.657
4038.790	4041.418
4040.608	4041.633
4041.888	4044.416
4041.862	4044.904
4044.078	4046.380
4042.735	4046.603
4045.778	4046.912
4048.075	4049.138
4048.369	4049.641
4053.052	4054.471
4052.807	4054.492
4050.299	4055.359
4054.405	4055.727
4053.530	4055.871
4056.200	4056.848
4054.876	4059.104
4056.581	4060.203
4060.417	4062.122
4061.054	4062.151
4070.416	4076.114
4072.245	4078.521
4071.319	4079.144
4072.655	4079.174
4075.378	4081.080
4078.853	4082.203
4071.848	4082.406
4079.407	4083.924
4081.322	4084.556
4082.273	4086.069
4087.400	4088.246
4092.454	4094.110
4094.632	4095.145
4095.414	4095.764
4099.275	4101.745
4105.102	4111.724
4104.668	4111.998
4109.964	4113.649
4105.189	4114.337
4112.492	4114.826
4108.027	4116.134
4112.840	4116.509
4122.093	4124.280
4123.662	4124.358
4124.098	4126.351
4126.016	4127.231
4126.960	4128.791
4127.294	4132.032
4137.781	4142.744
4138.966	4144.139
4144.440	4149.695
4146.158	4150.834
4150.133	4152.567
4145.023	4152.934
4144.867	4152.975
4150.579	4154.403
4150.223	4154.955
4150.404	4156.368
4151.115	4157.353
4147.304	4157.642
4152.097	4158.487
4157.898	4159.403
4158.016	4159.476
4150.663	4159.569
4158.451	4160.300
4153.121	4161.172
4162.817	4163.513
4162.659	4164.007
4162.935	4164.339
4160.400	4164.864
4162.754	4165.209
4167.750	4170.219
4175.012	4179.150
4175.932	4181.175
4177.418	4183.161
4181.355	4183.735
4182.438	4187.484
4182.007	4188.092
4189.191	4192.312
4196.245	4199.613
4200.249	4203.639
4208.517	4209.210
4223.230	4230.707
4225.629	4230.835
4228.199	4231.572
4227.803	4233.450
4234.179	4235.750
4239.790	4242.018
4237.892	4242.609
4242.410	4243.464
4242.795	4245.276
4239.836	4245.346
4243.002	4249.116
4248.020	4251.073
4248.298	4251.814
4252.131	4253.423
4252.502	4254.746
4261.507	4262.869
4259.349	4263.555
4261.892	4264.204
4263.893	4266.384
4266.016	4267.687
4266.937	4267.867
4269.753	4277.943
4279.151	4285.209
4278.975	4286.727
4280.471	4287.115
4279.549	4287.403
4284.158	4290.358
4289.348	4292.583
4291.278	4293.491
4291.053	4294.235
4294.367	4295.848
4299.294	4300.152
4297.834	4300.187
4302.794	4303.454
4301.240	4304.388
4301.992	4305.914
4309.424	4311.167
4308.239	4313.976
4311.335	4314.692
4309.704	4315.910
4313.401	4318.398
4318.163	4319.221
4319.253	4320.875
4316.658	4321.859
4316.955	4323.747
4323.632	4325.108
4321.193	4326.626
4324.796	4326.660
4321.178	4327.678
4325.500	4328.159
4325.715	4329.847
4328.588	4331.772
4332.458	4336.211
4335.769	4337.083
4335.576	4340.935
4336.366	4341.073
4341.591	4342.882
4336.004	4343.149
4342.385	4343.681
4343.637	4344.726
4346.992	4351.577
4350.801	4352.771
4353.000	4354.727
4354.284	4355.980
4355.155	4357.072
4356.072	4357.980
4356.673	4358.015
4358.545	4360.456
4359.428	4361.619
4363.726	4365.665
4366.707	4369.022
4368.846	4370.129
4368.337	4370.406
4370.891	4374.916
4378.247	4381.787
4378.840	4384.250
4379.561	4385.715
4383.762	4387.111
4378.911	4391.132
4385.174	4391.912
4389.195	4392.515
4384.972	4392.613
4388.022	4397.942
4395.963	4398.197
4398.855	4401.221
4400.969	4403.894
4403.546	4404.039
4402.745	4406.241
4405.173	4406.769
4408.955	4411.549
4410.539	4413.989
4418.388	4419.632
4416.752	4420.311
4419.452	4420.556
4419.910	4421.735
4421.407	4424.944
4421.502	4427.155
4424.018	4427.297
4424.870	4429.866
4425.132	4431.062
4425.244	4432.381
4426.293	4433.259
4428.940	4434.083
4432.439	4435.792
4429.398	4435.918
4427.783	4435.976
4432.807	4436.910
4434.895	4437.385
4432.785	4439.243
4429.983	4439.878
4439.530	4442.552
4441.319	4443.812
4440.140	4444.063
4442.574	4445.346
4440.654	4447.685
4447.403	4449.094
4448.011	4450.595
4446.663	4451.895
4451.899	4452.933
4450.107	4454.182
4456.629	4458.561
4460.534	4463.722
4463.384	4465.697
4466.941	4468.650
4467.926	4469.676
4468.719	4470.280
4472.969	4473.757
4476.899	4482.641
4479.708	4483.095
4480.195	4484.233
4482.701	4485.231
4480.213	4487.089
4488.199	4489.408
4483.763	4491.725
4487.387	4492.598
4490.608	4493.760
4491.641	4495.545
4501.570	4504.894
4502.537	4507.534
4506.410	4510.080
4508.183	4513.124
4513.248	4515.561
4513.742	4517.406
4515.631	4521.469
4515.515	4522.707
4518.187	4524.288
4520.331	4524.941
4520.065	4527.691
4524.050	4529.036
4526.226	4529.880
4533.028	4534.167
4534.614	4537.398
4536.989	4539.028
4538.125	4540.230
4540.221	4541.811
4543.994	4545.123
4541.605	4545.975
4549.080	4552.428
4553.570	4555.897
4557.850	4559.773
4558.317	4560.900
4560.314	4564.279
4560.971	4565.611
4563.274	4567.831
4564.743	4569.232
4565.959	4569.425
4566.834	4573.381
4572.098	4574.893
4566.471	4575.009
4567.212	4575.814
4572.196	4577.281
4573.565	4578.574
4579.766	4582.621
4580.696	4582.802
4583.327	4586.457
4585.356	4586.779
4585.837	4587.193
4584.706	4587.321
4587.178	4589.443
4588.076	4590.430
4588.462	4591.857
4593.779	4594.893
4594.257	4595.496
4596.510	4598.555
4597.676	4603.558
4602.393	4605.107
4605.948	4606.906
4599.233	4607.443
4607.780	4610.382
4605.635	4612.281
4612.433	4614.103
4610.343	4614.461
4611.202	4615.326
4614.646	4618.820
4619.986	4621.661
4620.084	4622.536
4624.762	4626.174
4626.404	4628.832
4626.882	4629.078
4628.393	4629.872
4629.083	4630.906
4627.454	4632.227
4629.602	4634.044
4634.813	4638.157
4636.004	4638.515
4638.944	4640.047
4639.851	4640.944
4639.431	4641.856
4640.733	4643.543
4648.848	4652.256
4650.391	4656.169
4649.273	4656.512
4654.323	4658.126
4651.056	4658.639
4655.077	4658.895
4651.702	4660.602
4658.604	4661.884
4655.446	4662.558
4655.204	4662.679
4661.452	4663.368
4662.091	4665.726
4663.745	4666.502
4664.891	4668.756
4668.551	4669.483
4665.156	4669.862
4666.613	4670.580
4668.550	4672.408
4671.298	4673.183
4671.168	4673.426
4672.183	4674.389
4673.295	4675.318
4674.909	4675.720
4673.462	4676.907
4678.185	4678.738
4677.511	4679.820
4676.112	4680.299
4685.669	4690.445
4688.776	4692.674
4690.729	4695.584
4690.361	4697.783
4692.227	4699.441
4692.869	4699.490
4696.732	4699.566
4693.607	4699.657
4696.958	4701.958
4698.095	4702.159
4703.860	4704.915
4702.848	4705.050
4696.835	4706.045
4705.610	4710.373
4708.824	4710.703
4709.952	4710.787
4710.649	4713.984
4713.918	4715.032
4709.795	4717.391
4716.065	4718.775
4716.019	4719.559
4714.536	4720.927
4719.880	4720.981
4720.063	4722.283
4721.699	4724.750
4723.892	4725.433
4726.353	4727.536
4725.536	4727.959
4729.477	4731.271
4728.587	4731.444
4729.288	4731.500
4732.936	4734.387
4734.205	4737.267
4736.221	4737.484
4738.461	4740.758
4739.880	4743.747
4740.103	4744.493
4744.368	4745.927
4742.286	4748.220
4744.037	4750.449
4745.879	4750.855
4748.899	4750.981
4754.414	4756.623
4755.205	4757.607
4756.207	4759.763
4757.175	4759.786
4757.731	4761.526
4764.394	4766.009
4767.725	4768.555
4764.390	4769.854
4770.188	4772.975
4772.377	4773.751
4769.760	4774.653
4775.820	4777.481
4774.774	4779.737
4774.448	4781.100
4777.038	4781.459
4777.748	4781.472
4781.641	4783.928
4782.263	4785.267
4779.452	4785.434
4783.156	4787.402
4786.819	4788.965
4785.369	4790.053
4783.392	4790.512
4788.443	4792.340
4792.119	4793.017
4790.139	4793.670
4792.886	4794.946
4796.718	4797.883
4795.848	4798.309
4800.749	4801.643
4799.049	4801.952
4804.747	4805.640
4801.482	4806.711
4803.211	4808.641
4804.779	4809.250
4809.022	4811.368
4810.440	4814.792
4815.980	4819.481
4819.213	4822.356
4816.662	4823.544
4827.285	4829.236
4831.993	4833.967
4832.755	4838.536
4832.174	4838.648
4843.634	4845.085
4832.212	4845.557
4845.627	4847.496
4843.565	4848.792
4850.362	4850.740
4850.502	4852.324
4846.828	4852.597
4860.538	4869.205
4865.547	4870.776
4866.844	4871.749
4870.995	4873.150
4868.223	4874.292
4864.020	4874.490
4866.257	4874.996
4873.114	4875.154
4875.024	4876.650
4874.694	4876.656
4874.710	4877.258
4874.645	4877.883
4876.793	4878.604
4877.107	4881.934
4868.838	4882.071
4878.802	4882.158
4881.065	4883.467
4884.209	4884.978
4879.647	4885.057
4886.471	4891.123
4890.607	4891.178
4893.404	4894.132
4891.825	4894.853
4893.827	4895.085
4897.684	4902.672
4900.259	4903.555
4904.772	4905.668
4905.106	4908.054
4903.973	4910.251
4909.736	4912.437
4906.730	4912.612
4910.793	4913.942
4910.593	4914.153
4913.123	4915.598
4915.679	4917.070
4914.153	4917.126
4920.825	4921.113
4921.604	4923.893
4925.426	4928.551
4931.212	4934.407
4936.514	4942.345
4936.636	4943.373
4940.316	4945.483
4940.612	4946.354
4945.402	4948.813
4940.403	4949.479
4946.260	4950.127
4947.040	4952.474
4947.326	4952.635
4940.719	4952.869
4952.460	4953.152
4955.519	4957.458
4958.851	4960.422
4959.945	4963.239
4961.986	4963.352
4960.781	4965.138
4968.960	4971.759
4976.161	4978.710
4977.415	4980.396
4984.524	4988.729
4985.290	4993.465
4987.643	4994.567
4990.527	4996.709
4993.246	4997.065
4995.774	4997.594
4988.677	4999.624
4997.696	4999.672
