0.412	9.030
2.648	10.050
2.367	10.573
6.753	10.900
8.266	11.728
10.618	12.732
9.912	12.941
7.569	14.632
7.495	15.303
15.811	17.858
29.807	37.306
33.459	41.852
38.522	44.209
44.640	48.105
44.740	50.515
48.727	51.717
45.283	52.872
46.625	53.078
54.489	57.497
50.283	57.778
48.854	57.917
57.446	61.727
56.549	62.020
61.820	67.060
66.552	68.663
66.717	69.824
68.724	70.253
71.014	72.348
70.933	73.470
77.543	79.254
77.495	80.544
77.874	80.729
76.653	81.545
78.371	81.796
81.992	83.235
81.923	83.560
82.321	85.570
84.979	86.717
85.432	88.095
88.671	93.420
93.238	95.263
94.674	96.916
99.783	100.620
94.847	100.724
95.892	101.021
105.811	110.837
111.703	113.315
108.224	114.077
112.361	115.219
112.676	116.217
113.800	119.589
115.624	120.541
114.441	122.487
123.313	127.037
125.459	128.303
125.206	131.000
129.526	132.742
130.714	134.005
139.846	141.973
139.531	142.660
144.279	147.414
148.630	150.204
148.874	152.230
156.277	158.760
161.302	162.521
161.652	164.999
174.326	180.178
177.309	183.283
180.018	183.462
175.116	184.004
176.474	186.441
177.424	186.720
192.079	192.776
191.029	193.193
187.700	193.354
187.007	194.125
203.784	211.465
211.858	213.116
212.946	217.595
214.912	219.484
214.109	220.152
217.201	220.645
218.661	222.513
218.183	224.148
227.177	233.057
232.101	234.278
239.294	242.036
246.190	248.936
250.844	256.429
254.186	257.364
257.771	259.231
267.220	275.448
272.665	276.969
275.933	278.317
273.518	278.572
277.780	279.793
276.315	280.890
279.929	282.247
283.243	285.513
285.105	286.713
292.031	294.921
291.890	295.749
292.527	298.893
295.897	299.460
299.707	304.819
308.909	310.238
309.610	312.552
312.880	315.294
313.395	320.620
318.109	324.362
327.266	330.756
330.346	335.131
340.482	343.154
340.997	346.078
350.153	351.723
350.512	353.743
350.523	354.552
354.302	357.494
353.345	357.518
355.128	361.864
365.513	368.912
369.701	371.364
370.028	374.513
372.699	379.197
374.697	380.391
376.365	381.167
382.087	382.644
372.280	382.927
380.732	383.603
384.691	389.309
397.103	405.047
403.768	407.210
401.004	409.987
405.177	410.260
409.625	413.698
407.686	414.974
412.463	416.217
420.367	425.224
425.193	426.891
428.711	431.733
433.824	435.163
435.864	438.217
438.919	442.568
442.270	445.179
442.939	447.897
445.209	450.517
443.162	450.873
449.534	453.445
448.780	453.460
455.292	459.262
458.796	462.980
461.579	463.959
465.977	467.352
478.965	485.166
476.302	485.635
480.497	486.464
479.389	487.487
480.175	488.065
481.785	488.574
481.087	488.661
491.651	493.441
491.292	494.480
493.603	494.526
498.505	500.231
502.091	505.794
516.902	525.495
518.002	526.865
526.460	527.725
526.628	528.103
519.461	528.168
531.864	534.328
537.111	537.599
537.384	540.007
540.700	544.150
543.549	548.948
546.383	550.571
543.727	552.608
547.628	553.447
549.205	555.079
553.476	557.485
552.853	558.285
553.321	559.796
556.471	560.155
554.797	562.463
562.585	563.448
567.189	567.798
570.957	573.055
575.656	578.508
576.461	580.137
580.834	584.952
583.855	591.243
588.999	595.490
594.089	596.468
596.193	597.850
596.320	600.967
597.332	603.176
599.319	604.559
600.444	607.527
602.311	612.884
607.142	613.909
607.555	614.046
611.932	615.919
620.083	622.254
631.226	637.330
634.546	640.734
636.059	641.004
638.314	641.459
641.171	642.076
646.603	649.803
646.666	650.245
647.620	654.940
654.000	656.466
662.273	666.849
680.267	687.162
684.471	689.069
690.593	693.103
696.036	697.216
699.394	699.888
705.629	711.319
708.053	713.647
712.930	718.231
713.981	720.179
716.262	723.925
731.144	733.770
732.614	739.892
739.157	744.841
742.817	747.084
744.068	747.828
740.941	748.280
744.929	750.997
762.319	769.684
765.677	772.418
769.268	776.170
769.542	776.214
771.073	777.719
769.618	778.254
777.293	779.503
778.174	780.811
774.994	782.737
773.777	783.201
783.748	786.512
785.159	787.321
791.887	794.046
793.282	796.600
796.759	800.041
800.833	801.918
794.822	802.188
814.599	822.383
819.878	824.189
821.394	825.369
813.710	825.846
825.349	827.182
824.461	827.420
824.001	829.799
826.529	830.432
829.914	831.134
834.344	835.562
834.775	835.937
833.261	838.189
838.891	840.231
838.243	840.482
840.335	842.155
838.879	842.423
841.478	844.064
845.056	845.802
839.143	845.826
844.745	846.158
845.146	849.175
848.053	849.788
850.121	853.913
854.771	858.581
860.609	863.234
862.752	864.851
869.284	871.138
871.313	872.318
873.569	874.929
875.400	876.493
878.436	881.865
882.106	883.659
885.383	888.153
891.420	895.392
893.961	899.212
892.588	899.652
894.860	902.592
896.247	903.237
902.063	904.859
894.883	905.807
902.171	906.120
900.563	906.764
902.508	906.863
908.823	910.265
908.039	911.685
903.411	913.380
914.486	915.877
913.108	918.084
919.325	922.116
914.322	922.343
921.956	924.071
921.416	924.811
926.878	930.126
925.497	931.492
927.178	932.159
931.563	933.497
935.802	937.883
938.497	939.111
938.718	941.473
938.033	943.325
943.286	947.375
948.283	951.740
951.153	955.695
952.569	958.229
959.363	961.141
966.140	968.999
963.625	969.785
973.985	977.653
977.013	979.579
977.376	979.996
980.341	984.148
980.306	985.052
982.970	987.109
984.515	988.056
985.155	989.417
981.876	990.558
991.298	992.156
987.546	992.409
992.526	993.645
992.925	995.053
995.128	997.965
997.590	999.112
1000.396	1002.078
1004.710	1005.836
1004.315	1006.838
1007.345	1010.659
1008.566	1011.182
1006.084	1011.835
1009.235	1013.286
1011.801	1014.456
1011.972	1015.787
1020.939	1023.964
1023.806	1025.188
1024.176	1030.494
1026.399	1030.918
1030.517	1033.002
1025.560	1034.464
1031.407	1037.676
1034.966	1039.874
1033.404	1041.296
1035.362	1041.345
1042.868	1044.144
1036.052	1045.053
1045.039	1046.709
1044.437	1049.068
1046.504	1051.482
1047.060	1051.936
1046.313	1053.901
1051.595	1055.559
1047.185	1058.646
1048.627	1060.347
1060.979	1062.411
1059.389	1063.247
1063.522	1067.754
1072.413	1074.244
1067.942	1076.663
1072.455	1077.439
1074.742	1079.215
1077.616	1080.779
1082.366	1082.938
1083.054	1085.592
1089.601	1090.644
1084.144	1092.015
1094.731	1096.626
1092.447	1097.951
1095.265	1099.776
1096.213	1099.788
1097.140	1102.127
1103.047	1108.576
1104.130	1108.836
1105.798	1110.434
1106.881	1112.442
1109.417	1114.139
1119.742	1120.223
1122.267	1122.926
1122.429	1129.939
1126.100	1132.893
1137.524	1138.652
1137.550	1141.886
1137.652	1143.213
1139.579	1144.571
1140.199	1144.919
1147.920	1149.141
1147.980	1150.165
1156.668	1158.885
1156.888	1160.273
1165.562	1168.975
1167.549	1170.197
1173.109	1176.128
1176.326	1179.537
1178.997	1180.596
1179.131	1182.638
1183.618	1185.705
1180.809	1185.800
1184.877	1188.642
1188.748	1189.542
1191.290	1195.113
1191.533	1197.212
1196.835	1199.222
1191.926	1200.428
1197.828	1201.134
1192.682	1201.614
1203.577	1206.649
1206.251	1208.485
1207.686	1212.644
1212.626	1214.471
1211.577	1214.911
1215.041	1217.189
1213.949	1217.551
1217.310	1218.017
1217.568	1220.982
1222.838	1223.932
1225.086	1226.469
1221.505	1227.766
1230.555	1231.405
1224.884	1231.421
1231.710	1231.975
1232.348	1233.788
1233.108	1235.798
1235.424	1236.951
1235.470	1238.130
1236.174	1238.832
1241.164	1241.967
1240.700	1244.752
1244.071	1245.791
1243.708	1246.963
1253.615	1254.483
1252.785	1255.039
1254.444	1255.736
1261.765	1264.374
1260.369	1264.401
1267.761	1271.228
1267.975	1272.499
1276.961	1278.536
1277.010	1279.693
1275.219	1279.758
1282.875	1284.892
1285.695	1286.870
1286.462	1289.623
1287.521	1291.053
1294.611	1297.699
1295.201	1301.469
1295.809	1302.130
1301.645	1306.105
1304.777	1308.291
1304.872	1310.723
1305.546	1310.854
1310.438	1310.978
1307.020	1313.213
1311.753	1314.374
1312.819	1316.623
1319.502	1322.900
1321.986	1323.788
1324.017	1324.880
1323.607	1325.353
1324.162	1326.683
1329.933	1331.275
1331.131	1334.917
1343.187	1349.240
1343.293	1349.623
1343.709	1350.517
1348.532	1350.890
1349.286	1353.459
1348.718	1353.571
1351.113	1355.078
1350.117	1355.147
1346.101	1358.126
1358.600	1360.348
1362.095	1363.773
1360.982	1363.903
1364.486	1367.658
1370.407	1372.505
1369.594	1374.726
1375.184	1376.689
1372.818	1378.095
1377.544	1379.968
1377.695	1381.289
1381.020	1382.560
1385.074	1386.275
1390.731	1391.680
1390.187	1397.610
1396.708	1398.544
1409.246	1419.732
1422.840	1425.867
1425.584	1427.601
1427.334	1429.546
1436.205	1438.982
1436.685	1443.095
1438.051	1445.038
1439.864	1446.578
1439.705	1447.170
1441.538	1447.577
1445.658	1449.085
1441.644	1449.565
1443.055	1450.662
1450.236	1453.195
1455.652	1458.539
1457.834	1459.349
1455.810	1459.734
1464.086	1466.248
1464.537	1469.285
1469.609	1469.936
1470.949	1471.680
1469.297	1472.243
1472.857	1475.158
1475.344	1477.309
1477.264	1479.240
1481.798	1484.479
1479.459	1484.603
1484.361	1486.264
1486.557	1487.302
1489.136	1493.292
1493.210	1496.888
1494.492	1497.003
1498.906	1501.422
1500.353	1502.854
1501.760	1508.225
1506.087	1508.238
1508.788	1510.862
1510.414	1512.688
1514.890	1516.402
1510.889	1517.329
1518.459	1522.314
1517.791	1525.472
1528.314	1529.460
1529.815	1530.598
1528.724	1531.920
1530.849	1533.667
1530.580	1534.515
1532.126	1536.485
1532.318	1538.095
1535.945	1539.111
1539.359	1541.325
1543.919	1547.191
1547.493	1549.802
1545.379	1551.884
1548.820	1552.150
1550.131	1552.978
1550.907	1553.888
1553.647	1556.229
1558.528	1560.639
1560.062	1564.295
1566.811	1569.248
1568.542	1571.329
1571.410	1571.729
1569.770	1572.912
1572.382	1573.118
1579.567	1581.563
1576.929	1582.051
1587.816	1590.162
1594.754	1597.468
1596.400	1600.444
1597.717	1603.025
1598.054	1604.589
1604.972	1606.552
1607.406	1608.767
1609.990	1611.859
1612.740	1614.008
1616.239	1617.928
1610.884	1620.284
1618.277	1621.876
1619.803	1622.997
1622.646	1623.237
1632.936	1642.223
1638.152	1644.922
1643.326	1645.859
1640.160	1647.976
1640.542	1650.903
1644.549	1651.077
1644.209	1651.127
1650.199	1652.054
1647.879	1652.493
1651.239	1653.114
1650.035	1653.138
1638.474	1657.873
1656.973	1658.674
1659.336	1660.653
1660.214	1662.133
1660.151	1665.102
1661.853	1665.174
1661.952	1665.261
1667.354	1670.648
1681.928	1689.584
1680.628	1690.299
1683.109	1691.190
1683.103	1693.067
1682.779	1693.579
1700.311	1702.419
1698.942	1703.997
1706.032	1709.156
1712.240	1714.747
1712.536	1716.076
1713.804	1720.252
1715.426	1720.297
1719.222	1722.497
1718.234	1723.447
1720.127	1725.480
1720.449	1726.179
1724.803	1730.023
1727.894	1732.383
1731.858	1734.339
1741.964	1743.005
1746.115	1752.157
1749.820	1752.704
1746.873	1754.056
1749.953	1754.209
1747.124	1755.642
1752.723	1758.083
1755.546	1758.850
1768.249	1775.836
1782.235	1784.765
1782.705	1788.001
1782.248	1789.025
1783.351	1791.147
1789.538	1791.382
1788.861	1792.602
1792.984	1794.619
1795.031	1797.289
1795.240	1797.498
1799.782	1800.515
1797.561	1801.240
1803.415	1804.974
1802.446	1805.576
1814.258	1819.983
1815.294	1822.519
1819.829	1824.379
1819.066	1824.782
1815.913	1824.793
1826.830	1827.910
1819.803	1827.966
1826.853	1828.263
1834.000	1834.461
1832.766	1834.610
1833.333	1836.806
1834.706	1838.637
1837.277	1841.240
1840.616	1841.779
1841.521	1843.008
1850.533	1853.802
1851.137	1855.478
1851.400	1858.026
1857.673	1861.479
1857.788	1863.200
1862.669	1868.444
1872.676	1875.891
1873.854	1877.711
1878.706	1882.039
1886.830	1893.097
1888.183	1895.340
1890.800	1895.441
1893.321	1899.148
1896.129	1901.070
1898.178	1902.792
1900.722	1904.526
1901.244	1906.521
1904.129	1907.616
1903.164	1908.534
1907.235	1909.397
1908.564	1911.682
1913.284	1916.806
1915.701	1917.987
1915.647	1919.210
1918.450	1921.682
1922.788	1924.029
1919.225	1924.937
1937.126	1943.084
1937.140	1944.058
1942.332	1947.224
1952.473	1955.801
1956.059	1957.621
1957.233	1962.085
1961.194	1964.628
1963.225	1966.226
1976.595	1983.738
1980.109	1986.918
1982.109	1987.775
1981.378	1989.287
1989.390	1990.164
1988.919	1990.771
1991.817	1994.043
1991.666	1994.328
1988.088	1995.475
1994.403	1998.877
2002.272	2004.552
2003.936	2006.159
2007.657	2008.703
2007.812	2014.577
2010.829	2017.810
2010.380	2018.384
2011.482	2019.984
2018.418	2021.499
2023.830	2025.161
2027.308	2027.880
2027.791	2031.671
2031.940	2032.777
2029.619	2034.559
2032.010	2034.892
2035.116	2036.215
2029.378	2036.243
2035.982	2038.827
2035.905	2039.045
2034.240	2041.029
2041.847	2044.541
2040.194	2045.738
2048.136	2051.564
2047.986	2052.139
2051.141	2054.973
2065.976	2074.950
2068.563	2075.946
2071.391	2077.713
2068.682	2078.692
2079.827	2080.672
2075.060	2080.877
2078.309	2083.132
2092.225	2103.076
2095.650	2104.082
2094.224	2104.277
2100.407	2104.513
2099.491	2104.567
2105.382	2107.033
2103.590	2108.911
2110.196	2111.407
2110.324	2112.669
2115.607	2122.660
2120.528	2125.770
2126.261	2128.721
2128.313	2131.815
2133.849	2138.224
2133.893	2139.277
2139.749	2140.492
2147.453	2152.534
2147.809	2157.131
2152.115	2158.484
2153.417	2159.030
2156.604	2160.630
2157.281	2161.443
2160.004	2162.542
2160.732	2162.571
2160.393	2163.271
2161.366	2164.861
2163.939	2165.817
2163.017	2166.420
2167.582	2170.112
2167.080	2171.507
2162.584	2172.280
2171.509	2172.758
2178.844	2182.088
2179.751	2183.385
2178.893	2184.469
2183.081	2185.429
2192.441	2195.957
2196.967	2199.450
2205.267	2207.428
2205.490	2211.174
2207.315	2211.277
2209.895	2215.770
2214.132	2217.333
2216.905	2218.026
2222.181	2226.216
2226.768	2228.195
2223.689	2230.066
2226.873	2230.390
2229.858	2230.977
2230.965	2234.171
2233.408	2234.745
2237.996	2239.054
2241.720	2244.807
2241.193	2246.491
2251.888	2253.374
2253.818	2254.542
2253.423	2255.708
2255.447	2257.461
2255.502	2258.130
2259.417	2262.242
2263.905	2264.466
2265.319	2270.651
2267.845	2272.432
2269.891	2274.634
2266.685	2276.500
2272.926	2279.368
2285.321	2287.080
2288.564	2290.646
2289.424	2293.111
2292.810	2293.884
2293.362	2294.455
2294.818	2295.530
2296.191	2297.663
2296.407	2301.344
2298.569	2303.395
2298.620	2304.896
2308.238	2312.612
2309.678	2313.417
2311.396	2317.207
2312.004	2317.587
2315.853	2319.640
2316.559	2320.343
2317.263	2320.391
2312.993	2320.434
2320.224	2322.069
2323.106	2327.032
2328.225	2331.475
2326.738	2331.800
2329.165	2331.936
2331.644	2332.161
2335.906	2338.172
2337.081	2339.205
2342.770	2344.589
2341.465	2346.090
2344.389	2347.368
2348.096	2352.614
2351.587	2353.840
2354.263	2355.806
2355.646	2357.154
2356.863	2361.240
2358.221	2362.112
2360.223	2363.946
2370.493	2371.648
2375.593	2377.157
2375.982	2379.625
2380.733	2382.469
2383.365	2385.993
2383.908	2386.978
2387.187	2388.629
2396.356	2405.317
2400.334	2406.718
2402.481	2406.937
2407.113	2410.749
2404.806	2411.021
2408.422	2412.659
2411.587	2420.407
2424.757	2428.455
2426.553	2429.316
2428.406	2430.820
2429.356	2432.955
2430.934	2435.688
2433.258	2437.211
2431.116	2437.485
2432.132	2437.603
2439.051	2441.068
2437.093	2442.865
2446.551	2451.315
2448.636	2452.985
2451.661	2453.742
2457.026	2459.207
2457.478	2459.647
2459.530	2464.366
2460.835	2464.699
2469.626	2473.795
2470.807	2476.390
2475.468	2478.334
2482.167	2484.006
2495.759	2503.251
2497.906	2504.408
2498.337	2506.858
2498.769	2509.223
2509.903	2510.652
2509.647	2512.208
2511.161	2514.038
2515.710	2517.689
2519.503	2522.925
2520.657	2524.138
2521.231	2525.267
2525.796	2532.072
2529.412	2532.124
2542.036	2550.030
2544.007	2550.402
2544.822	2551.431
2544.839	2552.756
2552.192	2557.147
2555.748	2558.107
2556.693	2558.759
2556.175	2560.800
2557.142	2561.237
2556.596	2561.554
2553.423	2562.505
2560.744	2562.566
2562.330	2563.716
2564.172	2568.106
2569.575	2571.882
2582.704	2589.531
2586.977	2594.333
2587.680	2594.801
2588.898	2595.248
2586.258	2595.587
2593.048	2597.790
2593.619	2598.028
2589.552	2598.261
2601.237	2603.121
2602.549	2604.584
2603.975	2604.757
2602.759	2606.760
2605.011	2607.462
2601.050	2609.779
2608.502	2610.504
2608.669	2610.949
2617.415	2618.782
2616.601	2619.487
2627.266	2636.659
2633.416	2638.299
2636.969	2639.112
2631.246	2639.472
2629.650	2640.117
2634.634	2640.369
2639.280	2640.544
2641.955	2642.963
2640.435	2643.954
2639.010	2645.456
2645.152	2646.576
2647.560	2651.103
2646.172	2651.640
2650.567	2652.606
2653.414	2659.043
2663.245	2665.821
2665.033	2668.126
2666.808	2671.698
2670.467	2673.250
2677.670	2686.367
2686.382	2687.389
2679.104	2687.513
2694.330	2696.162
2697.497	2699.284
2699.059	2707.677
2702.519	2708.628
2702.720	2709.441
2703.401	2711.328
2710.787	2712.518
2712.411	2714.952
2713.701	2718.922
2718.258	2720.686
2715.468	2723.447
2726.410	2730.394
2728.501	2732.754
2735.418	2737.105
2740.385	2741.507
2741.114	2742.291
2743.371	2745.222
2742.478	2745.245
2744.316	2748.307
2747.416	2750.145
2749.504	2751.366
2754.189	2755.668
2752.475	2757.406
2764.592	2768.593
2763.412	2770.442
2774.688	2777.213
2775.212	2778.705
2778.114	2781.250
2784.363	2785.366
2782.955	2785.898
2785.746	2787.560
2790.770	2792.400
2790.794	2792.719
2791.097	2795.260
2791.250	2797.591
2797.305	2799.970
2796.022	2800.915
2803.141	2805.800
2804.287	2806.093
2806.788	2809.370
2808.468	2811.134
2810.310	2812.720
2810.309	2813.402
2815.896	2816.931
2816.320	2819.880
2819.016	2822.217
2822.284	2823.320
2825.390	2829.251
2829.750	2830.993
2832.573	2834.375
2833.058	2837.409
2834.980	2837.993
2838.670	2840.970
2841.844	2841.951
2842.067	2844.928
2842.248	2850.695
2845.350	2850.947
2848.849	2852.146
2846.856	2853.464
2849.308	2854.464
2851.569	2856.452
2854.640	2856.843
2849.509	2857.381
2855.594	2858.314
2855.136	2862.195
2863.483	2867.071
2863.082	2867.174
2867.654	2869.359
2867.979	2871.419
2870.872	2871.644
2873.669	2875.799
2872.223	2877.209
2876.588	2880.520
2872.652	2882.746
2886.211	2887.200
2887.527	2892.483
2895.414	2898.715
2895.838	2902.552
2897.967	2904.497
2897.769	2906.121
2902.408	2906.221
2899.671	2907.501
2909.299	2912.081
2913.141	2918.658
2914.275	2919.134
2914.907	2921.201
2915.938	2921.890
2925.314	2928.485
2922.720	2930.238
2931.395	2935.801
2935.361	2939.644
2942.483	2943.330
2941.694	2946.210
2947.277	2951.088
2945.014	2952.825
2950.743	2955.435
2956.848	2959.276
2965.865	2968.492
2966.790	2971.525
2970.575	2974.478
2970.913	2975.500
2968.528	2975.764
2977.019	2978.961
2974.604	2979.133
2978.060	2980.270
2985.272	2987.396
2987.051	2991.033
2985.142	2991.292
2987.128	2991.702
2999.324	3000.384
3003.187	3005.461
3012.592	3015.828
3014.695	3020.719
3019.043	3021.969
3029.439	3030.666
3035.580	3042.349
3040.334	3043.388
3036.872	3044.253
3045.513	3046.969
3044.193	3048.240
3046.641	3050.506
3047.048	3051.087
3048.640	3052.646
3053.317	3054.037
3057.059	3060.548
3056.302	3060.904
3072.562	3078.820
3073.835	3080.256
3073.702	3080.893
3075.602	3081.459
3074.494	3081.612
3073.460	3082.008
3082.880	3083.898
3084.972	3085.121
3083.059	3086.033
3087.420	3088.641
3089.036	3094.997
3092.950	3095.267
3093.599	3096.693
3094.453	3098.755
3101.025	3101.858
3101.194	3102.633
3101.633	3102.873
3102.578	3105.451
3101.214	3106.271
3106.420	3108.234
3103.242	3108.702
3106.622	3109.954
3106.935	3110.665
3108.083	3111.451
3114.235	3115.577
3116.831	3120.077
3119.251	3123.268
3119.697	3123.473
3123.472	3124.697
3126.597	3129.042
3126.217	3130.096
3129.744	3132.612
3128.030	3133.200
3132.528	3134.810
3138.181	3139.723
3149.048	3155.791
3152.122	3156.233
3153.687	3158.013
3155.155	3159.712
3157.016	3160.012
3157.447	3160.292
3155.940	3161.253
3163.863	3167.107
3167.382	3168.200
3165.785	3171.475
3168.743	3174.515
3172.926	3175.680
3178.261	3181.273
3177.866	3181.636
3179.570	3185.321
3186.487	3187.234
3185.136	3187.390
3187.600	3187.963
3183.470	3188.572
3188.165	3189.688
3192.027	3194.508
3198.741	3204.120
3201.729	3208.171
3206.664	3209.038
3207.237	3212.522
3211.793	3216.020
3215.965	3220.494
3222.482	3226.431
3222.490	3229.360
3226.447	3229.806
3227.297	3233.447
3230.281	3236.472
3237.290	3237.650
3225.273	3237.661
3237.938	3238.337
3239.595	3241.270
3243.106	3250.402
3249.649	3252.021
3251.582	3256.661
3259.438	3260.931
3259.491	3261.602
3260.623	3261.960
3264.314	3268.726
3266.290	3270.266
3270.234	3272.179
3272.003	3275.738
3272.813	3276.305
3274.132	3278.664
3279.688	3280.526
3274.952	3281.289
3281.469	3281.918
3281.685	3282.491
3285.711	3287.510
3288.786	3289.932
3284.316	3292.576
3289.251	3293.507
3291.855	3296.081
3292.180	3296.919
3293.301	3297.505
3296.126	3297.598
3297.320	3298.390
3298.879	3300.831
3295.275	3301.839
3300.284	3302.236
3302.359	3304.696
3311.975	3314.342
3313.805	3317.016
3319.688	3322.383
3326.962	3332.276
3328.390	3333.286
3331.890	3333.944
3339.897	3344.763
3342.594	3349.569
3346.160	3353.805
3347.667	3354.219
3364.566	3369.981
3367.308	3374.572
3370.918	3378.710
3365.749	3379.002
3372.151	3379.861
3373.954	3380.866
3376.024	3382.584
3377.773	3383.281
3385.605	3387.067
3384.834	3387.669
3387.700	3390.777
3392.115	3392.791
3394.606	3396.646
3394.492	3400.022
3399.736	3401.218
3397.703	3402.801
3403.613	3407.188
3408.148	3409.238
3411.406	3414.563
3420.720	3426.026
3424.163	3427.851
3438.116	3445.320
3440.895	3447.624
3442.038	3447.888
3441.041	3448.319
3439.232	3448.452
3451.627	3453.522
3448.412	3453.623
3451.158	3455.133
3452.033	3455.698
3454.667	3460.462
3464.142	3467.710
3463.311	3469.566
3470.006	3472.899
3471.363	3475.910
3476.649	3479.427
3478.951	3480.939
3480.848	3482.331
3483.079	3484.965
3483.523	3486.286
3497.188	3505.081
3504.126	3510.311
3505.430	3511.924
3505.345	3512.429
3503.875	3513.965
3512.949	3515.212
3513.131	3516.264
3514.301	3518.470
3514.291	3518.504
3514.296	3518.936
3515.005	3521.438
3522.065	3523.171
3521.360	3523.257
3521.896	3525.627
3529.954	3533.815
3539.213	3544.145
3546.004	3552.551
3547.234	3555.046
3548.870	3556.427
3547.976	3559.685
3558.223	3560.953
3556.949	3561.037
3558.868	3561.539
3559.624	3563.065
3564.003	3565.513
3563.719	3568.019
3564.680	3568.053
3570.482	3572.974
3570.164	3573.506
3576.583	3578.664
3575.018	3579.510
3582.101	3584.687
3584.038	3584.869
3585.505	3586.694
3586.260	3588.898
3592.154	3595.005
3594.646	3596.835
3595.719	3597.843
3598.908	3599.643
3595.831	3601.089
3602.433	3605.058
3600.893	3606.113
3603.828	3606.377
3606.727	3611.930
3608.093	3613.147
3613.586	3615.734
3611.789	3617.119
3624.371	3626.959
3620.350	3626.999
3624.552	3627.704
3627.000	3629.266
3626.518	3631.574
3627.583	3631.907
3628.542	3632.826
3633.744	3634.945
3634.879	3635.914
3633.066	3636.770
3636.317	3638.915
3636.886	3639.109
3646.966	3655.482
3649.208	3656.162
3653.067	3657.058
3649.992	3659.305
3655.417	3659.822
3660.060	3662.198
3651.155	3663.534
3661.248	3663.884
3670.907	3673.990
3672.735	3677.886
3674.612	3679.597
3674.925	3680.305
3672.859	3681.152
3681.078	3682.591
3676.529	3684.473
3682.254	3684.720
3682.150	3687.666
3687.834	3688.832
3687.498	3690.478
3691.274	3692.867
3698.554	3700.441
3698.044	3701.937
3700.809	3706.275
3705.153	3708.678
3708.586	3710.388
3708.716	3713.165
3703.521	3714.112
3719.904	3720.798
3718.679	3722.371
3721.496	3726.264
3722.330	3727.140
3723.189	3728.442
3730.523	3735.642
3733.718	3737.099
3736.141	3738.028
3736.872	3739.592
3739.721	3745.188
3742.381	3748.335
3748.554	3750.131
3752.950	3756.141
3752.936	3757.275
3753.291	3759.384
3758.801	3760.024
3763.279	3765.092
3761.658	3768.543
3764.270	3769.279
3769.545	3773.184
3772.899	3775.902
3775.260	3777.521
3773.974	3778.081
3779.099	3779.551
3778.221	3779.731
3790.842	3796.472
3792.174	3798.362
3794.612	3799.515
3795.046	3800.398
3801.578	3803.965
3808.611	3812.345
3810.950	3816.187
3813.329	3818.170
3814.104	3819.994
3818.854	3822.862
3818.103	3823.289
3825.612	3830.151
3825.967	3830.810
3830.645	3833.420
3837.169	3838.369
3842.756	3845.822
3844.853	3848.089
3847.759	3849.320
3851.199	3853.838
3851.201	3857.230
3854.357	3857.575
3856.792	3859.759
3851.341	3860.018
3853.100	3860.990
3865.026	3868.071
3871.927	3874.705
3874.147	3877.453
3875.166	3881.581
3877.369	3882.473
3881.410	3884.459
3883.954	3886.450
3888.978	3895.477
3892.581	3897.845
3898.789	3900.419
3896.325	3901.796
3899.005	3902.979
3903.179	3906.564
3903.581	3908.051
3905.255	3911.329
3903.824	3911.702
3909.348	3913.368
3910.561	3917.095
3909.297	3918.942
3918.198	3920.599
3914.676	3921.144
3913.987	3922.604
3922.355	3924.327
3924.771	3926.529
3927.601	3929.583
3927.889	3930.055
3926.479	3930.914
3941.625	3947.997
3941.682	3949.238
3944.342	3949.882
3943.294	3949.935
3945.231	3951.668
3949.608	3951.721
3944.141	3952.040
3952.822	3954.454
3946.653	3954.602
3955.026	3955.733
3960.725	3961.602
3959.245	3965.396
3965.556	3966.571
3965.002	3967.710
3973.190	3977.580
3976.155	3978.701
3973.641	3979.117
3978.065	3984.323
3982.053	3984.428
3986.868	3989.285
3992.954	3994.080
4001.168	4003.246
4003.642	4010.440
4002.253	4012.641
4005.924	4013.955
4015.081	4017.868
4017.442	4021.548
4023.313	4025.127
4023.868	4026.339
4030.321	4033.175
4036.451	4039.722
4036.660	4043.123
4039.351	4043.571
4044.287	4046.797
4047.038	4048.035
4058.726	4066.111
4063.456	4069.227
4064.503	4070.486
4068.232	4072.926
4070.266	4075.759
4069.025	4077.511
4073.371	4077.806
4080.663	4080.978
4080.656	4081.974
4081.997	4083.802
4084.663	4086.358
4085.469	4089.549
4085.238	4092.263
4089.072	4092.644
4086.436	4093.874
4096.026	4097.295
4096.487	4097.978
4101.257	4103.177
4104.916	4106.424
4111.008	4112.254
4111.439	4114.772
4112.719	4116.579
4112.813	4119.182
4117.590	4120.205
4118.119	4123.436
4120.330	4127.424
4124.756	4128.815
4127.009	4131.374
4128.532	4133.856
4132.827	4134.268
4133.481	4135.539
4141.148	4144.041
4142.844	4145.602
4145.878	4149.141
4145.857	4149.885
4150.547	4152.405
4154.720	4156.619
4156.155	4156.711
4159.866	4161.155
4170.299	4178.343
4171.316	4180.689
4174.773	4181.606
4178.066	4182.420
4182.134	4184.204
4181.411	4184.211
4183.932	4186.568
4187.935	4190.139
4196.036	4198.158
4200.811	4202.460
4203.527	4207.243
4207.906	4208.766
4224.091	4231.365
4227.070	4231.877
4229.546	4233.739
4232.601	4236.530
4236.210	4238.724
4236.813	4244.173
4239.308	4246.927
4244.422	4247.971
4242.209	4248.025
4250.505	4252.231
4251.888	4252.700
4256.359	4258.360
4252.480	4258.986
4259.530	4263.550
4262.477	4265.077
4264.660	4268.317
4267.782	4272.032
4271.414	4273.242
4267.935	4274.581
4285.065	4292.453
4285.594	4292.673
4288.551	4294.395
4291.372	4296.577
4294.977	4297.279
4294.192	4299.014
4301.703	4303.353
4308.785	4310.420
4312.462	4313.917
4313.601	4314.957
4314.226	4318.284
4314.959	4319.479
4316.820	4322.226
4316.685	4322.575
4323.200	4324.215
4318.291	4326.645
4324.289	4329.208
4339.573	4345.798
4338.531	4346.662
4343.451	4348.790
4340.101	4349.433
4352.700	4354.171
4354.775	4357.836
4359.467	4364.563
4363.346	4365.553
4362.986	4368.299
4364.601	4370.174
4366.523	4370.615
4364.772	4370.995
4369.095	4373.502
4371.650	4374.246
4371.123	4374.580
4376.753	4381.528
4381.342	4381.744
4380.731	4383.126
4383.008	4384.937
4389.135	4391.311
4391.296	4392.744
4391.981	4394.306
4392.457	4396.725
4397.319	4398.633
4400.548	4401.143
4396.568	4402.099
4403.855	4406.975
4407.644	4410.935
4413.152	4417.199
4424.007	4425.849
4424.979	4427.006
4425.140	4428.292
4426.058	4433.609
4427.239	4435.590
4429.164	4435.633
4434.085	4436.863
4430.977	4437.025
4432.720	4437.104
4434.526	4442.252
4444.694	4448.320
4450.188	4455.575
4453.386	4456.870
4457.004	4458.771
4458.588	4469.925
4463.697	4471.570
4464.467	4472.002
4476.411	4478.524
4473.575	4478.809
4476.855	4480.383
4483.004	4483.382
4479.452	4485.911
4485.426	4486.550
4485.963	4488.771
4486.704	4489.946
4494.295	4496.533
4500.925	4502.331
4502.107	4507.587
4504.201	4509.040
4504.662	4510.391
4505.381	4512.474
4506.255	4513.653
4509.181	4513.682
4513.516	4515.254
4511.529	4515.680
4514.820	4519.753
4517.990	4521.613
4527.166	4528.451
4527.523	4529.468
4527.703	4529.853
4531.034	4533.628
4533.526	4536.104
4530.284	4538.350
4538.827	4541.485
4541.950	4543.807
4546.605	4548.503
4546.495	4549.473
4547.552	4549.692
4550.122	4552.497
4556.465	4557.717
4556.058	4559.682
4557.689	4560.435
4564.953	4568.958
4564.995	4569.439
4568.280	4573.336
4573.915	4576.586
4565.991	4577.246
4575.741	4578.670
4576.038	4580.848
4579.498	4581.369
4598.463	4604.041
4594.001	4605.794
4602.565	4609.650
4603.494	4609.945
4603.806	4610.528
4607.541	4613.674
4615.382	4620.766
4621.112	4622.498
4623.713	4626.058
4624.318	4626.812
4626.933	4627.269
4628.450	4631.052
4625.215	4631.340
4629.057	4632.785
4636.386	4637.187
4636.364	4639.074
4649.887	4657.018
4654.790	4660.249
4660.070	4660.780
4655.796	4662.326
4655.124	4664.653
4668.556	4670.734
4669.601	4671.214
4671.779	4675.798
4677.426	4679.220
4674.378	4681.196
4678.372	4681.612
4680.581	4683.626
4682.490	4685.139
4685.751	4690.054
4686.330	4690.840
4685.574	4691.767
4687.753	4692.356
4690.587	4694.326
4689.245	4695.645
4693.989	4696.086
4701.229	4702.939
4705.439	4706.734
4708.438	4710.752
4709.170	4712.485
4720.206	4723.793
4723.227	4725.169
4723.914	4730.308
4725.398	4731.336
4726.512	4732.954
4728.237	4736.029
4731.924	4738.215
4732.852	4739.086
4732.520	4739.314
4733.549	4741.234
4742.077	4742.736
4735.107	4743.477
4736.574	4743.540
4744.467	4748.035
4744.562	4748.879
4746.327	4748.982
4747.059	4749.564
4754.367	4755.041
4753.167	4755.520
4749.620	4756.080
4753.851	4757.434
4763.030	4764.509
4763.810	4764.831
4762.177	4765.146
4766.312	4768.380
4763.988	4770.622
4768.874	4772.190
4770.877	4774.734
4771.731	4775.042
4772.737	4775.100
4773.074	4775.849
4784.816	4792.167
4788.304	4803.517
4809.683	4812.005
4815.549	4817.442
4816.091	4819.408
4819.782	4825.662
4820.146	4829.091
4823.970	4829.819
4825.940	4830.411
4826.237	4833.416
4829.665	4833.608
4826.367	4836.554
4834.730	4838.830
4842.518	4845.779
4841.964	4846.300
4845.771	4846.780
4851.246	4852.349
4853.973	4857.825
4857.529	4860.247
4855.092	4861.513
4864.020	4864.531
4865.658	4869.332
4867.800	4870.116
4867.254	4875.785
4881.417	4884.917
4884.041	4888.243
4888.331	4889.381
4892.505	4894.467
4899.525	4902.016
4900.165	4904.539
4900.797	4907.438
4906.445	4909.589
4913.750	4915.506
4913.788	4918.669
4915.302	4922.569
4927.689	4932.607
4942.100	4947.376
4944.103	4948.929
4948.576	4950.001
4949.038	4950.946
4949.392	4955.557
4951.888	4955.954
4954.050	4961.341
4955.343	4962.632
4956.943	4963.370
4957.339	4965.609
4968.011	4968.908
4967.187	4969.466
4965.236	4970.559
4975.898	4981.207
4977.809	4981.907
4978.902	4983.615
4978.818	4983.706
4981.729	4985.769
4980.615	4986.190
4983.860	4987.098
4985.648	4987.175
4979.902	4988.157
4988.454	4991.149
4990.063	4992.566
4995.691	4998.890
4992.668	4999.831
