0.192	7.604
1.236	7.837
1.104	8.241
3.858	8.793
3.151	8.851
4.626	9.306
4.955	9.446
7.378	10.215
3.532	10.857
3.498	11.339
13.910	15.576
15.614	18.645
17.977	19.548
20.879	22.485
20.832	23.142
21.132	23.220
22.739	23.944
21.758	24.348
23.466	27.215
22.799	27.354
25.428	27.433
26.808	29.987
26.390	30.230
28.849	32.342
31.057	32.464
31.134	33.205
32.071	33.362
33.140	34.094
33.102	34.794
36.187	37.327
36.164	38.196
36.341	38.310
36.573	39.031
35.771	39.032
38.231	39.401
38.263	39.860
39.657	40.815
38.416	41.198
39.868	41.643
41.380	44.546
43.511	44.861
44.181	45.676
46.566	47.124
44.750	48.280
44.262	48.464
49.378	52.728
52.128	53.203
52.435	53.998
50.505	54.407
52.582	54.630
53.958	56.750
53.107	56.912
53.406	58.587
57.546	60.028
58.547	60.483
58.430	62.293
60.445	62.589
61.000	63.194
65.261	66.679
65.114	67.200
67.330	69.420
69.361	70.410
69.474	71.711
72.929	74.584
75.274	76.086
75.438	77.090
81.352	81.920
82.744	83.950
81.721	84.313
84.008	85.005
82.354	86.529
82.798	86.891
89.147	90.590
89.637	91.055
87.593	91.363
87.270	92.015
95.099	96.886
98.867	99.706
100.292	100.542
99.917	101.622
101.360	102.134
99.375	102.361
102.042	103.708
101.819	104.643
108.314	109.128
106.016	109.936
111.671	113.499
114.888	116.719
118.620	119.243
117.060	120.783
120.293	121.266
124.703	126.855
127.244	128.258
127.642	128.711
128.769	129.203
129.631	130.445
128.947	130.662
130.634	132.180
132.180	133.694
133.049	134.121
136.281	138.208
136.215	138.788
136.513	139.161
138.085	140.584
139.863	143.271
144.158	145.044
144.485	146.028
146.011	147.621
146.251	149.801
148.451	150.945
152.724	155.050
154.162	157.079
158.892	160.673
159.132	161.082
163.405	164.451
163.572	164.919
163.577	164.991
165.341	166.662
164.894	166.896
165.726	169.575
170.573	172.839
172.527	173.635
172.680	174.938
173.926	176.216
174.859	177.012
175.637	177.992
173.730	179.339
178.307	179.710
177.675	179.906
179.523	182.789
185.315	187.278
188.425	189.229
187.135	190.429
189.082	191.262
191.158	193.554
190.253	193.754
192.483	195.233
196.171	199.409
198.424	199.536
200.065	202.080
202.451	203.343
203.403	204.972
204.829	207.261
206.393	208.133
206.705	209.073
206.809	210.117
207.764	210.792
209.430	212.079
209.783	212.507
212.470	215.117
214.105	216.894
215.404	216.990
217.456	218.373
223.517	224.318
222.274	225.162
223.715	226.383
224.082	227.094
224.232	227.242
224.833	229.202
224.507	229.203
229.437	230.630
230.348	231.245
229.270	231.396
232.636	233.787
234.309	236.778
241.221	243.616
241.734	244.309
242.415	246.087
245.681	246.524
245.760	246.912
248.203	249.846
250.652	250.978
250.779	252.384
252.327	254.627
253.656	256.855
253.739	257.333
254.979	257.937
255.560	259.250
256.296	260.401
257.998	262.871
262.539	263.864
259.686	264.463
258.289	264.475
258.216	264.633
264.688	265.094
258.905	266.317
266.447	267.845
269.015	270.101
268.640	270.541
271.056	273.802
272.466	276.660
274.866	277.697
277.242	277.894
278.223	279.144
278.755	280.227
278.283	280.361
279.682	281.926
280.207	283.108
281.078	286.788
285.568	287.592
283.333	287.845
283.525	287.853
289.372	290.819
294.572	295.308
296.828	297.800
297.880	298.364
296.122	298.392
299.213	299.816
301.748	303.882
301.778	304.164
305.200	306.844
302.223	307.306
309.061	312.112
317.458	318.721
319.420	320.691
322.277	323.950
324.817	325.603
326.384	326.713
329.293	333.087
330.425	334.639
333.191	336.724
332.701	337.695
334.256	340.020
341.201	342.952
341.886	345.967
344.940	348.239
345.772	348.260
347.232	348.756
346.648	349.001
347.633	350.876
355.749	357.325
357.316	359.139
359.120	361.669
358.992	362.654
359.155	364.326
359.834	364.772
362.737	365.961
363.148	366.538
365.749	367.804
366.408	367.979
361.664	368.675
361.096	368.842
369.547	370.986
370.198	372.410
371.821	374.009
373.722	374.445
370.917	375.827
380.146	382.002
382.610	383.814
383.317	384.103
379.731	384.488
385.163	386.053
384.749	386.116
384.534	387.814
387.293	388.106
385.714	388.220
389.360	390.172
389.562	390.337
388.855	392.140
391.180	392.673
391.482	393.033
391.477	393.839
392.156	394.148
392.690	395.111
394.214	395.156
394.359	395.608
391.600	396.403
395.758	396.915
394.402	397.405
396.723	399.251
398.893	401.433
401.617	403.367
402.618	404.017
405.666	406.902
406.613	407.283
407.666	408.572
408.520	409.249
409.937	412.223
411.649	412.684
413.179	415.025
417.182	418.264
415.996	418.644
416.541	419.381
417.601	420.685
418.248	421.771
420.963	422.852
417.612	423.041
420.263	423.467
421.013	423.693
421.170	423.908
424.117	425.078
423.752	426.183
421.592	428.515
426.117	429.434
426.760	429.442
429.018	431.295
426.684	432.031
429.994	432.258
430.246	432.705
432.543	434.708
434.729	436.018
432.683	436.026
431.899	436.028
436.707	438.094
437.965	438.374
438.069	439.931
437.749	441.277
440.200	442.926
442.532	444.837
443.872	446.900
444.532	448.306
447.703	448.888
450.866	452.772
449.692	453.799
454.526	456.971
455.940	457.651
456.109	457.671
457.492	460.189
457.476	460.640
459.440	461.426
458.720	461.560
458.209	462.482
459.739	462.965
462.606	463.178
463.179	463.925
460.855	464.462
463.365	464.784
464.393	466.284
465.542	466.556
466.851	467.972
468.865	469.616
468.680	470.362
470.094	472.304
470.664	472.408
469.506	473.340
470.976	474.056
472.174	474.178
472.254	475.884
476.438	478.455
477.776	478.592
478.986	479.224
478.594	481.241
477.949	481.486
480.908	482.297
481.323	484.439
482.984	484.450
483.169	485.420
482.255	486.810
486.672	487.523
483.491	487.841
487.685	488.798
487.404	490.491
488.368	491.980
488.628	492.403
488.280	493.339
490.744	495.672
488.687	496.756
495.124	497.711
489.359	498.010
494.382	498.244
496.310	500.532
500.460	501.680
500.479	502.662
501.546	503.381
498.373	504.187
502.888	504.996
505.104	505.485
505.425	507.117
508.480	509.175
505.934	511.182
510.874	512.137
511.123	513.282
511.566	513.361
509.809	513.478
511.999	514.849
516.039	517.278
515.261	518.398
514.755	518.441
516.545	519.682
517.728	520.868
522.546	522.867
523.725	524.164
525.513	527.482
523.800	528.475
530.844	531.596
530.904	531.789
530.857	533.013
531.803	533.151
532.093	533.230
535.696	536.510
535.724	537.181
539.778	541.256
539.881	542.138
543.929	546.205
544.856	546.621
547.451	549.464
548.952	551.092
550.199	551.265
550.261	552.328
552.355	553.746
551.044	554.419
552.942	554.900
554.749	555.278
555.935	558.484
556.232	559.775
556.049	559.835
558.987	561.109
558.523	561.115
556.585	561.610
561.669	563.717
562.917	564.406
563.587	566.893
565.892	567.122
565.402	567.624
568.078	568.549
567.019	568.554
566.510	569.294
568.199	570.825
570.658	571.388
571.707	572.629
570.036	574.210
574.259	574.825
574.798	574.975
571.612	575.970
575.096	576.056
575.450	577.243
576.531	577.549
576.553	578.326
576.881	579.015
579.210	579.746
578.993	581.694
580.566	581.713
580.397	582.567
585.020	585.599
584.633	586.136
585.407	586.242
588.824	590.563
588.172	590.860
591.622	593.933
591.722	594.738
595.938	596.709
595.915	596.965
595.102	598.128
598.675	600.019
599.991	600.774
600.349	602.457
600.843	603.198
604.152	606.211
604.711	607.665
604.427	608.606
607.435	610.409
608.896	611.239
608.940	612.019
609.255	612.118
611.538	612.189
609.943	613.466
612.151	613.898
612.649	615.185
615.767	618.032
616.927	618.128
617.875	618.607
617.683	618.847
617.942	619.809
620.635	621.530
621.194	623.718
626.821	627.523
626.870	627.757
627.064	628.269
629.315	630.160
629.402	631.438
629.667	631.873
630.520	632.952
628.181	634.105
630.054	634.135
634.013	635.178
635.644	636.763
635.125	637.072
636.760	638.874
639.523	640.922
639.144	642.565
641.752	642.756
640.648	644.166
642.854	644.470
642.924	645.320
644.476	645.503
646.368	647.169
649.008	649.641
651.797	653.021
648.754	653.703
657.648	661.306
663.992	666.010
665.273	667.166
666.089	668.463
670.229	672.081
670.453	674.823
671.090	677.058
671.936	677.339
671.862	678.169
672.718	678.671
674.640	679.389
672.767	680.076
673.426	680.088
676.777	680.142
679.304	681.228
680.322	681.332
679.378	682.005
683.240	684.681
685.817	686.035
683.451	686.616
686.443	686.930
685.672	687.636
687.333	688.867
688.494	689.804
689.390	690.708
691.506	693.293
690.414	693.843
692.702	693.892
693.727	694.224
694.930	697.700
697.430	699.104
696.831	699.283
699.490	701.167
700.165	701.832
702.841	704.275
700.821	705.131
704.101	705.484
704.860	706.376
706.948	707.956
705.081	709.374
708.614	711.184
708.302	713.423
713.213	713.977
713.913	714.435
713.405	715.536
714.396	715.561
714.992	716.871
714.271	716.882
715.082	717.469
716.775	718.525
718.367	719.678
720.495	722.676
722.163	723.702
723.394	724.124
722.782	724.347
723.757	724.916
721.177	725.514
725.035	726.757
727.313	728.720
728.029	730.851
731.178	732.803
733.325	733.538
731.986	733.844
733.778	734.269
732.559	734.654
737.131	738.462
735.900	739.315
740.981	742.545
744.219	746.028
744.987	746.971
745.758	747.276
745.601	747.322
748.987	750.040
750.123	751.031
751.329	752.575
752.612	753.457
754.245	755.371
755.196	757.596
755.908	757.717
757.235	757.990
751.746	758.013
762.037	764.895
764.471	766.270
765.408	768.410
766.885	768.876
765.586	770.257
767.456	772.324
767.298	772.388
770.093	773.039
770.016	773.814
770.578	774.289
764.621	774.435
769.010	774.663
773.254	774.948
774.357	775.235
774.766	776.046
775.531	777.745
775.577	777.783
774.737	778.038
778.099	780.295
784.900	786.671
784.293	787.407
785.451	788.725
785.448	788.757
785.297	789.164
793.478	794.883
792.840	796.210
796.148	798.231
799.183	800.069
799.045	800.716
800.532	802.372
799.775	802.559
802.304	803.839
801.842	803.972
802.726	804.715
802.876	805.802
804.908	808.388
806.350	809.343
808.200	809.854
812.916	813.610
815.208	816.663
816.583	817.027
815.325	817.671
816.645	818.031
814.854	818.882
817.937	820.622
819.255	821.458
825.183	826.908
831.710	833.396
831.716	836.236
831.929	836.738
835.118	838.158
832.231	839.011
834.802	839.232
836.726	839.248
837.681	840.516
837.779	840.738
839.898	841.005
838.862	841.701
841.593	842.632
841.142	843.229
846.654	847.137
847.137	848.828
847.426	850.426
849.253	850.634
848.898	851.478
849.242	852.874
852.521	853.241
852.531	853.471
855.867	856.174
855.291	856.521
855.555	857.871
856.196	858.816
858.954	859.729
857.396	860.038
859.376	860.367
863.864	864.981
863.987	865.686
863.582	865.762
866.968	868.116
866.914	869.216
869.245	872.741
874.465	875.678
873.916	876.059
876.730	878.952
881.152	882.647
882.373	883.879
880.521	884.699
883.550	886.088
884.860	888.154
885.817	888.247
887.003	889.307
888.594	890.037
887.247	890.640
888.143	890.919
890.043	891.231
890.663	892.741
893.994	894.781
892.866	895.214
893.969	896.345
895.277	897.431
897.301	898.128
895.638	899.446
903.992	904.631
903.998	905.277
906.421	909.181
911.154	913.373
912.828	913.869
913.376	916.352
915.224	916.920
916.172	917.238
922.411	923.839
924.984	925.915
924.051	926.171
924.643	927.429
928.382	928.898
928.162	929.397
929.514	930.998
929.444	931.219
927.774	932.699
930.721	933.981
934.394	935.914
935.170	936.652
936.906	937.603
938.387	940.542
936.979	941.489
938.692	943.312
938.177	943.513
941.929	943.983
944.454	945.342
946.077	946.458
946.302	948.889
948.239	949.447
947.156	950.449
948.271	950.857
949.721	951.590
947.043	951.620
950.125	953.343
950.089	953.477
949.312	954.762
952.862	955.273
952.091	957.039
955.797	958.082
955.727	958.496
957.199	959.753
964.122	966.771
965.329	966.918
966.649	968.613
965.385	968.725
970.586	971.149
968.361	971.648
969.878	973.094
977.970	980.258
976.371	980.272
980.190	980.559
977.305	980.673
979.763	981.252
982.511	983.612
981.675	984.764
984.758	985.566
984.818	986.382
989.580	991.653
987.283	991.985
992.255	993.895
993.213	995.275
995.817	996.519
995.796	998.712
998.550	999.045
1002.311	1005.375
1002.145	1005.532
1004.928	1006.641
1006.415	1007.891
1004.320	1008.104
1006.731	1008.704
1008.342	1009.456
1008.002	1009.694
1008.183	1009.944
1008.638	1011.002
1009.838	1011.640
1009.408	1012.043
1011.538	1013.730
1013.371	1014.562
1011.304	1014.591
1009.206	1016.158
1016.794	1018.957
1017.217	1019.640
1018.771	1020.522
1016.817	1020.534
1023.139	1025.483
1025.251	1026.906
1029.125	1030.566
1030.080	1031.091
1029.229	1031.726
1031.284	1034.348
1034.556	1035.303
1033.262	1035.396
1037.018	1039.708
1039.158	1040.659
1037.722	1041.973
1039.207	1042.122
1040.600	1042.580
1042.257	1043.471
1041.117	1044.259
1044.398	1045.103
1046.136	1048.194
1045.890	1049.422
1050.881	1051.872
1051.782	1052.355
1051.597	1053.120
1052.542	1053.885
1052.568	1054.735
1054.395	1056.278
1056.489	1056.863
1057.149	1060.704
1058.327	1061.891
1059.282	1063.359
1057.786	1064.329
1060.699	1066.483
1066.483	1067.656
1067.996	1069.384
1068.398	1070.041
1069.978	1070.493
1070.236	1070.617
1070.915	1071.390
1071.556	1072.537
1072.689	1073.690
1072.665	1074.032
1071.657	1074.111
1077.850	1078.386
1077.178	1080.094
1078.935	1080.875
1078.651	1081.178
1080.731	1082.497
1079.397	1082.786
1081.390	1082.998
1081.061	1083.016
1082.771	1083.937
1084.116	1086.734
1086.505	1088.672
1086.944	1088.791
1088.101	1089.017
1085.811	1089.186
1090.090	1091.600
1090.638	1092.054
1093.293	1094.505
1092.684	1095.768
1094.048	1095.900
1095.778	1098.790
1097.407	1098.909
1098.656	1099.685
1099.301	1100.306
1099.869	1102.787
1100.503	1103.097
1101.437	1103.241
1106.230	1107.000
1108.610	1109.653
1108.792	1110.438
1111.009	1112.166
1112.491	1113.148
1112.237	1113.989
1114.020	1114.981
1120.156	1121.090
1121.158	1122.227
1118.299	1124.273
1122.243	1125.112
1123.930	1125.546
1123.319	1125.743
1125.407	1131.287
1132.392	1132.966
1131.553	1134.019
1133.256	1134.259
1133.699	1135.123
1134.521	1135.719
1134.995	1136.236
1134.436	1136.258
1135.520	1136.449
1138.224	1139.569
1137.310	1141.079
1141.724	1144.900
1144.108	1145.495
1142.697	1145.597
1146.612	1148.066
1146.823	1148.269
1148.390	1150.966
1147.781	1151.005
1152.492	1155.272
1153.043	1156.765
1155.218	1157.128
1158.345	1159.571
1164.687	1166.348
1165.689	1166.690
1165.891	1168.753
1166.092	1170.614
1171.288	1171.787
1171.168	1172.875
1171.875	1173.793
1173.998	1175.318
1175.768	1178.049
1176.307	1178.628
1176.575	1180.739
1180.392	1182.547
1178.705	1182.889
1187.203	1188.133
1186.283	1188.279
1187.584	1189.206
1187.592	1190.223
1191.023	1194.326
1192.683	1195.898
1191.597	1197.652
1193.123	1198.118
1192.882	1198.981
1195.754	1199.042
1195.014	1199.255
1193.333	1199.534
1193.078	1200.590
1199.135	1200.673
1196.614	1201.603
1205.262	1206.480
1207.256	1209.306
1207.584	1209.467
1208.152	1209.864
1206.920	1210.958
1208.458	1211.077
1210.089	1212.248
1210.356	1212.507
1213.910	1215.166
1215.188	1215.709
1214.523	1215.880
1214.621	1217.288
1215.672	1217.306
1217.301	1218.636
1217.379	1218.899
1213.823	1219.642
1221.460	1222.371
1221.080	1223.004
1226.057	1228.985
1228.928	1230.021
1227.915	1230.066
1227.170	1230.815
1229.496	1230.876
1230.586	1231.050
1231.664	1232.379
1232.913	1233.585
1232.203	1234.549
1234.404	1235.353
1231.538	1235.767
1235.528	1237.890
1236.931	1238.290
1234.880	1238.525
1238.260	1242.012
1242.848	1244.565
1243.682	1245.218
1244.511	1246.892
1246.218	1247.252
1250.248	1252.520
1253.645	1254.316
1249.579	1255.377
1257.354	1258.575
1258.832	1260.023
1261.176	1261.915
1261.269	1262.445
1261.587	1264.320
1259.561	1265.156
1265.034	1266.188
1265.792	1267.486
1266.394	1269.875
1268.520	1270.139
1267.218	1272.537
1272.325	1274.981
1273.300	1276.135
1276.529	1277.654
1278.846	1279.594
1279.187	1279.972
1280.240	1281.474
1279.823	1281.668
1280.681	1282.737
1282.128	1283.947
1283.102	1284.343
1285.288	1286.274
1284.488	1287.775
1290.143	1292.810
1289.592	1294.278
1294.855	1296.538
1295.099	1297.428
1296.453	1298.544
1299.369	1300.038
1298.712	1300.674
1300.015	1301.224
1302.359	1303.446
1302.371	1303.654
1302.512	1304.419
1302.583	1306.694
1305.409	1306.995
1304.810	1308.072
1308.667	1309.871
1308.132	1309.905
1309.834	1311.556
1310.618	1312.395
1311.478	1312.535
1314.085	1314.775
1314.283	1316.656
1315.541	1317.675
1317.066	1317.756
1318.515	1321.089
1320.550	1321.379
1321.867	1323.068
1322.094	1324.994
1322.991	1325.000
1324.713	1326.246
1326.194	1326.265
1326.298	1328.206
1328.533	1330.379
1329.463	1331.179
1327.830	1331.561
1326.382	1332.014
1329.677	1332.918
1330.732	1334.006
1332.165	1334.386
1329.771	1335.051
1332.610	1335.367
1332.397	1337.835
1336.292	1338.684
1336.105	1338.833
1338.239	1339.376
1339.740	1340.254
1338.390	1340.978
1341.045	1342.465
1340.371	1343.695
1342.408	1345.087
1340.571	1347.300
1346.898	1347.558
1347.512	1350.816
1351.193	1353.394
1351.391	1353.949
1352.384	1354.690
1352.292	1355.814
1354.457	1355.839
1353.180	1357.104
1357.673	1359.528
1359.466	1363.144
1359.995	1363.234
1360.290	1364.486
1360.771	1365.299
1365.146	1367.260
1363.936	1368.948
1367.984	1370.922
1369.835	1372.690
1373.159	1373.724
1372.790	1375.801
1375.396	1377.937
1374.340	1379.548
1377.013	1379.911
1379.862	1381.481
1384.070	1385.822
1384.502	1386.524
1386.268	1386.902
1386.426	1387.205
1385.313	1388.139
1388.149	1390.571
1389.276	1390.571
1389.761	1390.634
1393.127	1394.543
1393.993	1394.989
1393.957	1396.381
1393.066	1397.166
1399.685	1400.392
1401.487	1403.003
1405.876	1408.033
1408.887	1409.720
1406.858	1410.119
1413.738	1414.556
1417.207	1418.794
1418.823	1419.516
1416.604	1421.117
1421.239	1422.210
1420.623	1423.321
1421.766	1424.568
1421.956	1425.219
1424.881	1425.699
1422.699	1425.994
1426.628	1428.954
1426.274	1429.342
1433.862	1434.701
1434.394	1436.162
1434.282	1436.648
1434.456	1437.119
1435.281	1438.429
1434.764	1438.499
1438.677	1439.356
1439.654	1439.753
1438.761	1440.744
1440.796	1441.610
1443.377	1444.922
1441.550	1445.524
1443.679	1446.985
1447.145	1447.701
1444.078	1448.029
1447.224	1448.661
1447.429	1449.338
1447.870	1451.217
1447.233	1451.401
1449.663	1452.610
1449.903	1454.231
1449.757	1454.445
1448.180	1454.857
1453.310	1455.340
1450.439	1456.063
1454.521	1457.021
1455.859	1458.327
1455.651	1458.329
1457.620	1458.437
1459.078	1460.708
1458.901	1461.487
1460.547	1462.386
1459.747	1462.519
1461.846	1463.312
1464.485	1465.513
1469.556	1470.718
1470.990	1471.285
1471.721	1472.908
1472.406	1474.133
1473.274	1474.157
1473.475	1474.520
1472.772	1474.932
1476.470	1478.633
1478.112	1478.657
1477.367	1481.160
1480.699	1482.535
1478.747	1482.595
1483.189	1485.197
1483.004	1485.517
1483.799	1487.633
1486.397	1487.900
1487.027	1488.131
1487.546	1488.142
1485.619	1489.021
1487.810	1489.146
1489.612	1491.266
1492.746	1496.332
1494.140	1496.841
1496.443	1497.021
1496.710	1499.033
1498.837	1501.169
1500.784	1503.767
1503.829	1505.782
1505.675	1506.080
1503.825	1506.458
1506.072	1508.507
1507.465	1509.481
1510.735	1510.975
1511.038	1511.304
1505.127	1511.908
1511.811	1512.928
1516.503	1517.582
1513.449	1518.313
1517.405	1520.498
1521.096	1521.543
1521.624	1521.863
1521.071	1522.066
1524.269	1525.296
1523.346	1526.288
1526.109	1527.385
1527.313	1527.691
1526.935	1529.308
1527.928	1529.501
1528.311	1530.628
1530.521	1531.080
1531.352	1531.651
1531.453	1531.990
1533.332	1534.531
1534.767	1535.531
1534.984	1537.367
1532.681	1538.188
1536.199	1538.536
1536.874	1539.137
1538.192	1539.589
1536.351	1539.641
1538.749	1540.179
1539.477	1540.943
1540.133	1541.480
1537.795	1541.859
1541.101	1542.659
1545.588	1547.166
1546.442	1548.225
1549.188	1550.985
1553.248	1553.921
1554.882	1555.321
1552.582	1556.125
1558.619	1561.863
1559.877	1563.081
1562.245	1564.285
1561.541	1564.365
1570.131	1570.408
1571.411	1573.960
1573.095	1575.853
1573.670	1576.589
1570.683	1576.697
1574.512	1578.330
1575.478	1579.171
1576.294	1579.550
1579.949	1580.924
1579.589	1581.479
1580.926	1582.978
1582.987	1583.438
1584.149	1585.509
1586.543	1587.531
1584.096	1587.783
1585.595	1588.994
1588.353	1590.736
1590.469	1591.196
1591.990	1594.095
1597.943	1599.160
1596.336	1599.873
1604.454	1605.923
1605.751	1607.459
1604.975	1607.789
1606.284	1609.020
1605.819	1609.075
1609.259	1612.733
1610.540	1613.190
1610.759	1613.997
1610.949	1615.634
1612.178	1617.861
1616.599	1620.240
1616.212	1620.382
1619.336	1622.169
1619.969	1623.414
1622.436	1624.288
1623.510	1624.835
1624.396	1625.384
1625.437	1626.694
1625.644	1627.486
1632.021	1633.950
1635.259	1636.216
1635.828	1637.628
1635.867	1638.681
1639.376	1640.884
1635.142	1641.065
1639.461	1642.973
1640.003	1643.874
1640.007	1645.345
1640.005	1645.456
1643.630	1646.193
1643.301	1646.268
1640.336	1646.440
1643.551	1647.832
1647.312	1649.886
1651.633	1654.921
1655.376	1657.251
1654.802	1659.167
1656.140	1659.552
1655.722	1660.478
1660.805	1662.041
1660.504	1662.324
1659.910	1662.635
1661.158	1663.449
1663.201	1664.208
1663.517	1665.766
1663.069	1665.936
1666.225	1667.886
1666.077	1668.305
1669.072	1670.459
1668.342	1671.336
1672.551	1673.105
1671.647	1673.371
1673.236	1674.028
1673.588	1675.346
1676.338	1678.238
1677.501	1678.961
1678.002	1679.418
1679.491	1679.981
1678.054	1681.074
1681.786	1682.665
1681.135	1682.885
1680.417	1683.897
1683.139	1686.608
1683.777	1687.147
1686.340	1688.040
1685.501	1688.960
1691.458	1691.955
1691.373	1693.098
1689.497	1693.930
1692.600	1694.139
1693.319	1694.974
1692.375	1695.425
1692.872	1695.691
1695.747	1696.547
1696.277	1696.923
1695.431	1697.900
1696.948	1698.680
1697.214	1698.696
1701.918	1704.262
1702.964	1704.266
1704.765	1705.367
1703.329	1706.204
1705.861	1708.301
1708.028	1709.453
1703.872	1709.630
1708.582	1710.339
1713.090	1715.145
1714.001	1716.279
1714.819	1716.285
1713.943	1716.541
1714.965	1716.751
1717.836	1718.844
1715.713	1719.526
1718.385	1720.264
1720.989	1721.654
1718.337	1722.015
1720.832	1722.819
1722.594	1723.656
1725.992	1727.250
1725.754	1728.349
1729.071	1730.673
1727.044	1730.688
1730.673	1731.813
1730.734	1732.585
1728.310	1735.371
1735.955	1736.551
1735.384	1737.845
1737.488	1739.297
1736.698	1739.877
1737.087	1740.266
1740.911	1744.324
1742.402	1744.656
1743.532	1744.790
1743.874	1745.986
1745.203	1748.848
1749.325	1750.377
1746.445	1750.414
1751.376	1753.503
1751.536	1753.698
1751.370	1754.263
1754.107	1754.922
1756.197	1757.406
1756.659	1759.451
1755.440	1760.030
1759.121	1761.547
1760.686	1762.688
1761.788	1762.867
1763.579	1763.881
1761.188	1763.926
1763.170	1764.176
1769.060	1769.480
1769.681	1770.941
1770.819	1772.380
1771.022	1772.380
1774.070	1775.661
1777.352	1779.841
1779.553	1780.875
1778.444	1781.005
1779.915	1781.131
1782.132	1784.044
1781.781	1785.088
1785.286	1788.312
1785.451	1788.680
1787.634	1789.484
1790.679	1791.479
1793.286	1795.330
1794.265	1795.776
1795.621	1796.442
1797.226	1798.985
1797.227	1799.489
1798.700	1799.719
1797.293	1799.838
1799.836	1801.292
1798.113	1802.084
1803.679	1805.709
1806.899	1808.751
1807.935	1809.767
1809.439	1810.977
1808.411	1811.163
1811.325	1813.244
1812.512	1814.176
1814.856	1819.188
1816.538	1820.047
1819.435	1820.521
1819.536	1821.754
1818.285	1821.932
1821.483	1823.740
1821.671	1824.734
1821.784	1825.357
1822.452	1825.926
1824.363	1826.468
1824.929	1828.411
1824.338	1829.809
1826.849	1829.879
1826.527	1830.199
1828.492	1830.884
1830.432	1831.747
1831.560	1832.732
1832.880	1834.201
1833.015	1834.459
1832.357	1835.314
1839.425	1840.340
1839.452	1841.156
1840.204	1841.496
1840.693	1841.650
1840.599	1843.097
1841.108	1843.116
1843.151	1844.377
1841.771	1845.278
1844.650	1845.738
1845.679	1846.151
1848.338	1848.923
1850.593	1851.270
1847.648	1851.748
1850.334	1852.140
1855.539	1856.286
1854.155	1857.082
1854.366	1858.017
1858.292	1859.875
1856.431	1860.179
1860.538	1862.149
1863.378	1864.129
1867.212	1868.597
1868.366	1869.565
1869.431	1871.774
1867.718	1873.981
1873.705	1875.563
1874.806	1877.543
1877.546	1878.755
1877.805	1879.452
1880.816	1882.718
1883.677	1885.857
1883.775	1886.042
1885.030	1886.304
1887.334	1889.007
1888.618	1889.283
1894.072	1895.662
1896.768	1898.121
1896.279	1898.356
1898.508	1900.974
1899.457	1902.863
1898.878	1903.562
1900.906	1904.228
1904.309	1904.519
1904.306	1905.185
1904.932	1906.136
1906.176	1907.306
1906.552	1909.433
1906.444	1911.127
1908.234	1911.932
1907.004	1912.316
1911.479	1912.778
1911.694	1913.310
1913.920	1915.200
1915.627	1916.632
1918.470	1919.301
1918.672	1920.351
1919.269	1920.506
1919.313	1922.086
1921.542	1922.224
1921.789	1924.240
1922.821	1925.480
1924.886	1925.813
1925.937	1927.643
1926.648	1929.381
1928.653	1929.613
1928.958	1930.503
1932.536	1934.465
1933.327	1935.166
1934.743	1937.341
1934.733	1937.418
1936.922	1938.580
1939.539	1939.909
1938.869	1940.135
1941.271	1942.130
1946.140	1948.169
1946.614	1949.530
1948.228	1950.403
1949.764	1951.528
1951.662	1953.042
1951.325	1953.192
1952.502	1954.799
1954.369	1955.838
1958.150	1959.565
1960.378	1961.477
1961.646	1964.124
1963.689	1964.262
1971.242	1972.758
1972.633	1973.100
1973.788	1975.029
1975.214	1977.074
1976.898	1978.537
1977.180	1982.170
1978.344	1984.006
1979.697	1984.658
1980.730	1984.702
1984.215	1985.238
1983.569	1985.809
1986.301	1987.635
1984.491	1989.039
1987.781	1990.461
1989.156	1990.889
1990.174	1992.612
1993.327	1994.133
1991.631	1994.464
1991.703	1995.879
1999.697	2001.289
1999.944	2001.330
2001.324	2002.618
2004.323	2004.791
2002.640	2005.242
2003.956	2007.035
2007.461	2008.561
2010.766	2011.856
2012.482	2013.452
2013.014	2013.707
2013.648	2014.445
2013.306	2015.524
2014.516	2016.027
2014.453	2016.517
2017.494	2018.171
2015.202	2018.831
2018.001	2021.280
2025.134	2025.951
2024.648	2026.735
2025.381	2028.269
2026.944	2028.939
2031.260	2032.241
2032.228	2034.269
2036.228	2036.888
2034.418	2037.816
2036.060	2039.602
2036.894	2039.613
2036.814	2039.968
2037.711	2040.278
2038.911	2041.832
2040.103	2042.009
2039.857	2042.273
2044.626	2044.894
2042.485	2045.668
2044.341	2045.938
2045.404	2046.690
2048.263	2049.714
2049.272	2050.237
2049.591	2051.141
2049.813	2052.467
2052.082	2052.958
2053.589	2053.986
2051.732	2055.419
2055.132	2057.212
2056.901	2059.095
2059.471	2062.169
2064.990	2065.762
2064.537	2065.765
2065.065	2065.922
2066.943	2068.292
2065.494	2069.307
2066.045	2069.786
2067.789	2070.199
2068.603	2070.317
2069.240	2070.606
2069.446	2074.383
2074.190	2076.608
2078.247	2079.111
2076.754	2080.345
2079.935	2081.113
2083.058	2084.973
2083.418	2085.108
2080.675	2088.111
2088.992	2090.401
2087.668	2091.157
2089.199	2091.551
2092.069	2092.321
2093.199	2093.948
2090.411	2094.717
2093.450	2095.322
2093.795	2096.110
2097.338	2098.830
2100.432	2101.369
2101.961	2102.930
2102.175	2103.075
2100.983	2104.487
2102.511	2105.112
2102.919	2105.736
2104.285	2106.681
2106.307	2107.374
2105.380	2107.517
2106.916	2110.205
2108.395	2110.811
2112.677	2113.534
2112.928	2113.863
2112.844	2114.141
2114.483	2116.212
2115.645	2117.296
2114.132	2119.510
2118.119	2119.891
2119.577	2120.815
2122.191	2122.984
2121.749	2123.014
2121.697	2123.682
2123.390	2124.974
2126.350	2127.185
2126.160	2128.576
2126.921	2128.733
2130.311	2132.981
2130.331	2133.294
2131.864	2135.579
2134.494	2136.275
2130.796	2136.322
2135.346	2136.968
2137.099	2138.346
2135.484	2138.677
2145.949	2146.335
2143.867	2148.396
2148.297	2151.163
2147.863	2151.602
2148.443	2153.138
2150.186	2154.285
2153.845	2157.434
2156.519	2157.443
2157.733	2159.296
2158.015	2159.677
2159.236	2159.901
2159.943	2161.678
2158.434	2162.817
2160.227	2162.834
2163.647	2164.181
2163.637	2165.444
2169.947	2171.368
2172.235	2174.389
2172.391	2175.633
2172.705	2175.857
2174.699	2175.987
2178.660	2180.112
2179.147	2180.222
2180.163	2182.842
2182.799	2184.038
2183.240	2185.633
2181.376	2185.921
2184.271	2187.253
2185.162	2187.687
2186.684	2190.556
2186.954	2191.080
2186.601	2191.382
2187.618	2192.090
2190.528	2193.082
2188.941	2193.307
2188.314	2194.259
2193.907	2195.047
2195.871	2196.735
2197.613	2198.768
2197.271	2198.813
2204.173	2205.090
2202.763	2205.154
2205.186	2205.872
2205.706	2207.410
2204.493	2207.919
2206.511	2209.640
2208.664	2210.105
2208.509	2210.699
2208.231	2211.738
2208.989	2212.116
2212.969	2213.409
2209.717	2213.613
2210.401	2214.026
2214.085	2216.464
2214.953	2216.723
2215.294	2216.964
2214.129	2217.007
2218.704	2219.153
2218.145	2219.714
2216.490	2220.797
2218.464	2220.853
2222.747	2223.733
2223.111	2223.791
2222.349	2224.329
2224.279	2225.658
2223.194	2227.617
2225.475	2227.686
2226.409	2228.980
2226.808	2229.015
2227.277	2229.192
2227.435	2229.536
2232.914	2234.481
2234.542	2242.109
2244.519	2246.067
2247.256	2248.518
2247.509	2249.829
2249.232	2253.749
2249.401	2256.379
2251.186	2257.003
2252.105	2257.066
2252.244	2258.777
2253.844	2258.845
2256.207	2259.838
2252.305	2261.098
2259.842	2262.016
2261.360	2262.028
2259.583	2262.474
2263.915	2264.650
2265.187	2267.755
2266.847	2268.462
2265.710	2269.991
2269.876	2270.216
2271.640	2272.163
2270.640	2273.089
2271.385	2277.073
2277.994	2280.327
2279.219	2281.436
2281.221	2281.921
2283.169	2284.477
2286.445	2288.106
2286.744	2288.426
2287.039	2288.972
2289.674	2291.108
2293.083	2294.254
2293.101	2295.210
2293.808	2296.408
2299.588	2302.867
2306.313	2306.497
2307.248	2308.284
2309.336	2310.051
2309.551	2310.681
2309.716	2313.755
2310.881	2314.020
2311.890	2317.612
2313.240	2318.243
2312.493	2319.710
2318.021	2319.763
2313.425	2319.937
2318.405	2320.308
2317.110	2321.160
2323.488	2324.627
2323.448	2325.114
2322.086	2325.625
2322.977	2325.709
2325.802	2326.688
2324.287	2326.770
2324.807	2326.926
2326.636	2327.345
2323.954	2327.655
2327.945	2329.742
2328.696	2330.365
2331.323	2333.456
2332.126	2333.877
2329.912	2334.688
2335.357	2336.554
2336.020	2338.095
2337.386	2338.952
2338.171	2339.788
2337.610	2340.500
2339.430	2340.672
2340.966	2341.242
2339.658	2341.654
2339.932	2341.907
2339.379	2342.358
2341.027	2343.171
2343.702	2345.216
2344.792	2345.953
2342.192	2346.014
2345.034	2347.678
2346.910	2348.637
2349.483	2353.290
2351.798	2353.479
2352.217	2353.931
2351.571	2355.086
2354.089	2355.924
2356.824	2359.822
2362.194	2362.608
2363.787	2365.478
2364.885	2365.798
2364.917	2367.027
2365.786	2367.941
2368.438	2371.794
2370.551	2372.927
2368.342	2373.792
2371.142	2376.426
2372.629	2377.241
2377.159	2377.822
2375.145	2377.881
2373.261	2377.891
2371.289	2378.068
2377.186	2380.125
2383.977	2388.100
2384.969	2388.104
2382.617	2388.202
2385.469	2388.409
2386.803	2389.054
2386.172	2389.392
2385.875	2389.859
2390.905	2393.086
2388.542	2393.411
2392.409	2394.395
2393.959	2394.480
2397.943	2399.232
2397.428	2399.742
2397.665	2400.131
2399.748	2400.546
2403.254	2404.438
2404.904	2405.570
2402.929	2406.003
2402.877	2406.274
2408.327	2408.831
2408.378	2409.682
2408.325	2409.884
2408.884	2410.245
2407.630	2410.254
2411.443	2413.594
2411.049	2413.649
2413.589	2414.161
2413.332	2415.139
2414.744	2416.530
2416.995	2419.862
2417.106	2419.936
2418.068	2420.481
2419.975	2420.620
2417.356	2421.611
2418.335	2421.634
2422.566	2423.983
2422.271	2425.609
2425.522	2426.122
2425.144	2426.239
2424.284	2427.199
2425.997	2427.958
2427.694	2428.942
2428.560	2429.760
2429.869	2430.528
2430.607	2431.027
2430.816	2432.469
2433.328	2434.398
2432.435	2434.646
2433.556	2434.756
2433.441	2435.587
2434.555	2436.804
2439.729	2439.860
2441.696	2443.462
2441.895	2444.473
2444.981	2446.665
2448.987	2450.940
2448.768	2451.413
2450.785	2452.222
2449.888	2452.271
2451.428	2452.691
2451.724	2453.613
2451.010	2453.979
2450.451	2454.099
2452.701	2455.646
2454.548	2456.000
2454.979	2456.723
2456.175	2456.949
2456.248	2457.811
2455.552	2459.784
2457.332	2459.959
2458.426	2460.481
2461.208	2461.761
2462.766	2464.613
2463.907	2464.866
2463.051	2465.455
2463.797	2466.068
2466.892	2468.402
2466.527	2469.084
2469.268	2470.899
2471.895	2473.003
2471.413	2473.678
2470.880	2473.845
2472.209	2474.394
2472.660	2476.450
2475.609	2476.825
2481.144	2481.602
2480.101	2483.399
2479.749	2483.670
2482.929	2483.996
2482.766	2484.738
2487.874	2489.821
2488.063	2489.965
2489.900	2491.225
2488.911	2492.207
2490.340	2492.598
2493.427	2494.612
2494.402	2495.079
2497.688	2500.630
2497.163	2501.895
2510.563	2517.225
2515.748	2518.052
2517.956	2520.526
2518.224	2521.040
2518.395	2523.203
2520.530	2525.255
2521.366	2525.567
2520.766	2525.680
2522.749	2526.032
2526.870	2530.315
2528.099	2530.829
2530.624	2532.923
2532.750	2533.479
2534.019	2535.333
2534.835	2536.900
2536.898	2539.595
2540.216	2542.047
2541.830	2543.783
2542.478	2545.100
2542.499	2545.718
2543.191	2545.723
2543.298	2546.972
2546.847	2549.210
2548.551	2549.398
2551.126	2557.061
2559.931	2561.374
2560.035	2563.810
2562.748	2564.815
2567.152	2568.513
2567.445	2571.801
2570.743	2573.988
2571.538	2574.971
2572.407	2576.632
2572.309	2576.859
2573.454	2578.182
2574.735	2578.937
2573.058	2579.072
2578.139	2580.424
2577.220	2581.565
2579.712	2581.621
2582.873	2583.826
2582.226	2584.150
2583.525	2585.234
2583.194	2585.235
2584.740	2587.480
2586.902	2588.353
2589.558	2592.262
2590.324	2592.854
2594.133	2594.700
2598.450	2600.078
2600.426	2600.937
2599.584	2602.982
2603.455	2604.190
2600.388	2604.860
2604.294	2605.672
2603.493	2606.128
2608.306	2610.506
2608.980	2611.267
2609.561	2612.135
2610.936	2612.346
2612.709	2617.136
2616.110	2617.713
2615.985	2618.117
2617.170	2619.304
2619.799	2620.862
2617.304	2621.257
2620.143	2621.839
2620.326	2622.565
2624.343	2626.021
2624.285	2626.579
2622.627	2627.304
2625.278	2627.816
2626.692	2628.529
2626.174	2628.729
2627.137	2629.037
2625.668	2629.535
2627.614	2630.123
2629.598	2631.741
2630.338	2631.863
2632.177	2633.004
2631.105	2634.915
2634.011	2635.170
2634.447	2635.359
2634.862	2636.234
2634.101	2636.534
2636.783	2637.826
2638.247	2639.870
2637.220	2640.511
2638.591	2642.793
2642.126	2643.587
2638.495	2644.117
2642.925	2644.913
2642.740	2645.055
2642.922	2645.340
2644.364	2646.144
2642.994	2646.377
2643.128	2646.617
2645.505	2648.748
2647.163	2648.768
2648.566	2651.321
2652.279	2655.045
2654.651	2657.034
2655.718	2657.659
2654.504	2658.482
2659.020	2660.317
2659.273	2661.328
2661.046	2661.623
2661.402	2661.927
2660.721	2662.293
2663.137	2665.526
2662.305	2665.855
2664.384	2666.652
2667.537	2668.149
2667.529	2669.188
2669.121	2670.243
2667.599	2670.510
2676.914	2678.100
2677.886	2678.762
2677.414	2679.406
2678.517	2680.217
2679.009	2680.348
2680.226	2682.675
2684.851	2686.664
2685.995	2688.935
2686.859	2690.006
2688.416	2690.057
2687.831	2691.270
2691.706	2692.540
2691.398	2693.613
2692.790	2693.772
2692.526	2694.278
2693.738	2694.421
2694.592	2696.278
2694.575	2696.603
2695.157	2697.736
2696.052	2697.813
2697.185	2697.941
2698.717	2699.425
2698.913	2699.761
2702.035	2702.981
2701.871	2702.994
2700.199	2703.572
2702.937	2703.831
2702.353	2704.542
2704.133	2704.565
2703.251	2706.391
2704.388	2706.956
2706.945	2708.082
2707.369	2708.101
2713.611	2714.077
2714.830	2715.945
2714.213	2716.233
2715.103	2717.231
2714.565	2718.623
2716.919	2719.202
2719.235	2721.468
2719.605	2722.616
2720.881	2723.037
2721.515	2724.045
2724.933	2725.497
2728.303	2729.407
2729.755	2730.097
2730.276	2730.509
2732.850	2734.497
2736.735	2737.817
2736.793	2739.559
2739.976	2741.077
2736.445	2741.332
2738.685	2741.625
2741.662	2742.447
2741.893	2743.341
2748.062	2749.520
2749.108	2749.572
2749.399	2750.901
2750.677	2751.487
2751.307	2752.528
2751.529	2754.688
2759.311	2760.241
2758.520	2761.829
2763.245	2765.432
2762.960	2766.463
2764.105	2767.003
2763.348	2767.477
2766.756	2768.416
2766.815	2769.940
2766.936	2770.705
2767.052	2770.892
2764.870	2771.542
2767.410	2772.491
2771.932	2773.494
2768.065	2773.778
2767.108	2774.149
2772.011	2774.467
2768.747	2774.958
2772.301	2774.987
2775.212	2775.676
2775.106	2776.005
2775.290	2776.612
2775.170	2776.806
2773.600	2777.125
2778.500	2780.146
2783.955	2785.305
2783.341	2786.100
2784.945	2786.431
2787.570	2789.157
2788.292	2790.791
2788.005	2791.292
2792.794	2794.875
2797.497	2799.742
2800.166	2802.426
2805.678	2806.140
2815.487	2822.139
2817.086	2822.223
2818.799	2822.714
2822.786	2823.834
2818.535	2823.967
2826.527	2828.013
2825.262	2828.406
2828.273	2828.976
2828.530	2830.184
2826.557	2830.232
2828.668	2832.744
2832.014	2834.049
2832.199	2834.542
2834.754	2835.615
2835.001	2836.497
2841.005	2841.913
2839.566	2842.370
2841.261	2842.803
2842.596	2844.257
2844.011	2845.125
2844.624	2845.244
2846.502	2851.962
2852.767	2853.473
2853.032	2855.376
2853.647	2856.647
2852.650	2857.818
2856.106	2859.905
2859.565	2861.722
2860.702	2862.823
2860.852	2863.198
2862.911	2863.899
2866.196	2866.768
2865.223	2866.792
2867.493	2869.591
2868.529	2870.031
2867.994	2870.609
2872.949	2874.111
2872.159	2875.983
2874.224	2878.221
2873.136	2878.248
2875.601	2881.169
2877.772	2881.715
2878.775	2881.718
2879.502	2882.797
2877.970	2883.752
2882.422	2884.660
2883.197	2884.810
2883.666	2885.682
2880.795	2885.975
2880.785	2886.052
2883.810	2886.935
2885.725	2887.848
2888.305	2890.807
2890.512	2891.388
2890.911	2893.571
2890.384	2893.957
2894.394	2895.255
2890.670	2895.295
2894.923	2895.787
2895.758	2896.484
2897.995	2901.051
2900.534	2901.848
2902.000	2903.151
2902.856	2903.987
2903.437	2904.715
2904.449	2905.078
2904.048	2905.320
2905.697	2906.971
2906.286	2907.747
2909.150	2910.443
2911.138	2912.681
2912.564	2913.302
2912.224	2913.603
2913.927	2916.610
2919.227	2920.869
2919.708	2920.911
2918.831	2921.191
2919.274	2924.136
2922.508	2924.415
2926.130	2926.532
2923.450	2926.651
2923.315	2927.914
2925.348	2929.888
2930.642	2932.131
2932.570	2934.148
2933.979	2935.929
2935.698	2936.027
2935.163	2937.494
2936.782	2937.846
2939.304	2941.033
2940.359	2942.659
2945.592	2946.421
2944.502	2946.875
2946.302	2946.918
2946.607	2947.557
2947.604	2949.962
2949.346	2950.915
2947.668	2951.281
2949.914	2951.721
2950.088	2952.598
2950.163	2953.157
2950.862	2953.543
2952.626	2954.640
2952.932	2955.515
2951.856	2955.752
2955.205	2956.498
2954.959	2956.648
2956.597	2957.575
2953.322	2958.273
2955.190	2958.955
2959.686	2961.701
2960.879	2962.541
2960.093	2962.708
2961.716	2963.564
2960.436	2965.123
2964.935	2966.062
2965.340	2967.063
2964.442	2967.930
2967.933	2968.623
2966.738	2969.455
2971.086	2972.374
2973.690	2975.816
2975.589	2977.131
2977.960	2979.099
2978.617	2979.784
2979.146	2980.186
2981.979	2982.504
2986.797	2987.858
2984.599	2988.427
2986.472	2988.730
2988.467	2989.132
2986.809	2990.521
2992.133	2992.939
2989.176	2993.529
2991.591	2995.065
2993.738	2995.839
2994.427	2996.974
3001.047	3003.263
3001.691	3003.451
3004.273	3005.970
3005.456	3007.485
3008.832	3010.374
3009.161	3010.391
3010.421	3012.239
3010.344	3013.878
3012.124	3014.004
3013.554	3015.047
3013.377	3016.700
3016.033	3019.198
3017.484	3019.920
3022.018	3022.778
3023.076	3024.932
3024.660	3026.020
3025.417	3026.820
3026.814	3027.874
3029.330	3030.082
3027.737	3030.650
3032.720	3034.952
3035.713	3037.264
3038.567	3039.849
3038.878	3040.600
3040.209	3042.852
3040.647	3043.740
3042.183	3045.220
3043.162	3046.154
3043.973	3046.283
3044.556	3048.920
3048.066	3049.981
3044.314	3050.005
3048.131	3051.573
3044.808	3052.156
3049.043	3052.382
3053.177	3055.080
3053.797	3055.201
3055.551	3057.637
3056.904	3057.852
3057.225	3058.128
3056.471	3058.214
3058.119	3059.629
3058.717	3060.287
3058.975	3061.238
3062.519	3063.262
3062.838	3063.664
3064.340	3065.703
3065.117	3069.039
3068.262	3070.071
3070.632	3071.270
3066.155	3071.628
3071.853	3073.587
3070.423	3074.853
3074.955	3076.068
3073.562	3076.307
3074.135	3076.885
3076.431	3079.213
3079.991	3081.108
3080.056	3081.691
3083.175	3084.116
3084.270	3085.889
3084.588	3086.052
3085.595	3086.582
3086.056	3087.271
3084.970	3088.152
3086.401	3089.364
3089.875	3092.104
3090.670	3092.344
3092.629	3093.364
3093.234	3093.963
3092.954	3094.571
3093.822	3095.695
3099.232	3101.504
3100.261	3102.870
3100.704	3103.669
3099.515	3104.341
3102.882	3104.974
3101.134	3105.901
3103.385	3105.929
3105.736	3107.922
3103.469	3108.009
3103.631	3108.514
3107.634	3109.199
3108.061	3110.485
3109.163	3111.001
3109.927	3112.504
3112.367	3112.989
3110.104	3113.622
3111.075	3113.720
3114.199	3115.455
3114.112	3115.618
3114.789	3116.260
3115.530	3116.879
3116.606	3117.147
3115.641	3117.938
3118.790	3119.159
3118.341	3119.880
3117.408	3120.200
3123.779	3126.963
3125.850	3127.336
3127.153	3128.358
3126.907	3130.313
3128.152	3130.723
3128.579	3131.087
3129.071	3131.562
3131.154	3132.286
3131.305	3133.207
3132.064	3134.014
3131.223	3135.625
3135.906	3136.609
3135.232	3136.700
3137.074	3140.250
3139.216	3140.469
3139.968	3140.807
3140.432	3142.692
3142.612	3143.355
3139.863	3144.927
3144.012	3146.372
3144.043	3146.734
3143.024	3147.285
3146.587	3147.321
3146.709	3148.214
3147.800	3149.834
3149.261	3150.289
3150.902	3151.691
3150.357	3151.972
3152.985	3154.181
3152.391	3154.296
3152.859	3154.334
3155.291	3156.258
3156.137	3158.178
3157.480	3158.322
3158.974	3160.506
3159.920	3162.498
3160.068	3162.995
3162.912	3164.034
3161.524	3165.480
3162.691	3166.966
3165.933	3167.321
3163.920	3167.351
3169.609	3171.082
3170.137	3171.739
3170.804	3173.175
3171.450	3173.190
3171.820	3174.350
3176.262	3177.339
3178.483	3179.037
3176.260	3179.903
3180.125	3181.983
3181.585	3182.501
3179.840	3183.102
3183.880	3184.987
3183.183	3186.492
3182.965	3187.400
3184.692	3187.639
3185.165	3187.649
3187.760	3189.285
3188.175	3190.178
3186.301	3190.290
3188.771	3191.601
3191.213	3192.643
3190.246	3193.369
3188.928	3193.675
3192.295	3194.893
3194.746	3195.345
3193.426	3195.780
3195.258	3196.632
3197.812	3198.588
3197.232	3198.873
3200.499	3201.095
3199.366	3201.301
3203.165	3203.761
3200.988	3204.474
3202.141	3205.761
3203.186	3206.168
3206.015	3207.579
3206.960	3209.861
3210.653	3212.987
3212.809	3214.904
3211.108	3215.696
3218.190	3219.491
3221.329	3222.645
3221.836	3223.528
3221.450	3224.571
3221.475	3227.064
3229.089	3230.056
3230.418	3231.664
3229.043	3232.528
3233.575	3233.827
3233.668	3234.883
3231.219	3235.065
3240.359	3242.804
3243.698	3244.745
3242.680	3246.327
3244.563	3246.976
3244.171	3247.711
3245.482	3248.999
3247.330	3249.869
3248.743	3250.507
3249.796	3251.815
3249.763	3252.028
3250.016	3253.025
3249.807	3253.323
3251.195	3254.232
3245.892	3254.593
3254.044	3256.364
3252.535	3256.469
3251.405	3256.541
3256.139	3256.877
3253.098	3258.200
3257.647	3260.748
3260.405	3260.786
3262.269	3262.755
3261.216	3263.235
3262.551	3263.390
3265.123	3268.449
3266.839	3269.037
3269.848	3270.445
3270.071	3271.661
3269.315	3273.500
3271.153	3274.191
3273.158	3274.615
3273.862	3274.749
3273.729	3274.873
3275.415	3276.519
3277.119	3278.046
3276.102	3278.084
3280.550	3280.742
3281.070	3282.596
3283.617	3285.701
3287.475	3289.605
3291.091	3292.249
3291.009	3294.896
3293.544	3295.636
3293.742	3296.328
3293.602	3298.967
3296.935	3301.187
3293.813	3301.305
3297.507	3303.702
3298.026	3303.745
3298.217	3304.039
3301.640	3304.163
3303.679	3305.038
3305.901	3306.948
3306.630	3308.826
3307.991	3308.902
3307.188	3310.093
3312.640	3314.506
3317.440	3319.139
3318.277	3319.401
3323.016	3325.819
3323.527	3326.684
3325.095	3328.670
3327.018	3330.832
3325.785	3331.338
3330.516	3331.928
3328.831	3332.498
3331.797	3333.245
3331.970	3333.947
3332.796	3335.802
3338.108	3339.224
3339.442	3341.519
3339.508	3342.737
3336.252	3343.211
3339.563	3343.659
3345.174	3346.798
3341.936	3347.053
3345.543	3347.648
3346.647	3348.017
3347.176	3348.182
3348.095	3349.690
3348.253	3350.986
3351.407	3352.348
3351.228	3354.626
3355.961	3357.249
3361.983	3363.320
3363.369	3364.710
3366.583	3367.329
3367.634	3370.647
3370.572	3372.431
3369.188	3373.174
3370.746	3373.413
3371.727	3374.056
3371.443	3374.385
3377.518	3378.671
3378.119	3379.113
3383.142	3385.453
3383.503	3385.627
3383.897	3386.140
3384.020	3386.974
3383.574	3389.393
3387.129	3389.602
3386.967	3389.614
3387.272	3390.223
3387.412	3390.539
3387.678	3390.659
3387.540	3392.255
3387.730	3392.401
3391.682	3393.648
3388.742	3393.986
3389.736	3394.369
3395.673	3396.003
3394.148	3396.121
3395.430	3396.828
3396.635	3397.904
3398.744	3399.395
3399.513	3400.949
3399.365	3401.365
3399.171	3401.631
3398.366	3402.159
3401.659	3403.899
3403.535	3404.087
3403.224	3405.089
3405.074	3407.332
3406.653	3409.810
3404.823	3409.884
3410.636	3411.486
3411.332	3412.194
3412.357	3413.841
3413.192	3414.694
3414.850	3415.303
3415.506	3418.373
3416.310	3418.462
3416.172	3419.831
3418.941	3419.888
3419.296	3421.319
3421.710	3422.233
3420.234	3422.306
3422.750	3423.721
3425.604	3426.747
3426.215	3427.272
3425.260	3427.456
3429.200	3432.475
3433.543	3434.087
3434.497	3435.334
3434.347	3436.996
3438.048	3439.260
3438.013	3439.945
3440.592	3440.899
3439.391	3441.005
3439.413	3442.429
3442.491	3443.284
3441.103	3444.085
3442.157	3444.342
3441.759	3446.862
3445.494	3447.270
3448.580	3451.657
3450.769	3452.647
3448.922	3453.516
3453.546	3455.885
3454.796	3457.029
3453.834	3457.623
3456.202	3458.369
3456.826	3460.148
3454.847	3461.047
3459.100	3462.985
3459.295	3463.717
3457.222	3464.730
3463.682	3465.076
3464.452	3465.864
3465.080	3466.208
3465.755	3467.926
3466.913	3468.730
3468.697	3469.902
3466.917	3470.218
3469.096	3470.481
3469.462	3471.367
3470.929	3472.041
3470.564	3472.911
3472.492	3473.671
3473.043	3474.190
3473.965	3474.863
3473.984	3475.599
3473.985	3476.939
3475.769	3477.322
3475.672	3478.724
3477.076	3480.045
3481.162	3482.019
3480.382	3482.106
3481.844	3482.491
3479.631	3482.728
3481.665	3482.920
3481.127	3486.896
3485.033	3487.245
3489.067	3490.007
3484.483	3490.619
3489.648	3490.672
3490.964	3492.105
3489.429	3492.882
3492.927	3495.127
3494.247	3495.263
3496.879	3497.376
3497.736	3498.539
3496.107	3498.609
3498.613	3499.939
3500.526	3502.353
3500.330	3502.372
3500.645	3502.389
3501.868	3503.245
3501.211	3505.393
3504.313	3505.482
3505.915	3506.907
3506.849	3508.200
3510.661	3511.819
3512.142	3512.570
3512.423	3513.060
3516.579	3516.860
3518.887	3520.454
3517.346	3520.630
3522.151	3524.992
3524.188	3526.067
3524.054	3527.445
3524.532	3527.445
3525.578	3527.867
3528.296	3532.260
3530.159	3532.741
3529.772	3533.544
3532.312	3533.808
3536.167	3537.473
3537.618	3539.082
3542.758	3543.723
3541.683	3543.853
3541.542	3544.249
3545.543	3545.980
3544.528	3546.092
3545.061	3547.659
3548.211	3549.834
3552.874	3553.776
3553.773	3556.951
3555.728	3559.475
3557.590	3560.892
3561.007	3561.235
3561.041	3561.963
3558.421	3562.579
3563.914	3565.177
3565.216	3567.046
3568.469	3569.900
3570.253	3573.924
3571.064	3574.837
3571.020	3575.151
3570.925	3575.480
3572.165	3576.320
3574.195	3576.971
3573.736	3577.232
3576.056	3577.342
3574.979	3577.435
3576.209	3579.157
3578.239	3579.407
3577.265	3579.636
3577.711	3579.861
3579.769	3581.671
3579.473	3582.123
3581.439	3583.105
3582.795	3583.309
3580.376	3583.823
3580.608	3584.166
3584.157	3584.867
3585.015	3587.718
3586.388	3588.827
3589.939	3592.261
3595.948	3597.320
3595.025	3598.245
3593.701	3598.864
3599.315	3599.992
3597.773	3601.129
3600.700	3602.010
3601.365	3602.901
3597.413	3603.226
3602.334	3604.586
3603.709	3604.654
3607.769	3608.318
3608.583	3609.265
3609.026	3609.668
3611.286	3615.442
3615.068	3616.367
3617.115	3618.387
3617.837	3619.432
3614.259	3619.671
3617.408	3620.062
3621.146	3622.222
3621.173	3623.282
3623.019	3623.893
3623.864	3625.758
3630.567	3631.815
3628.614	3631.914
3630.629	3633.208
3633.463	3634.829
3630.802	3634.917
3637.452	3638.730
3637.219	3638.969
3640.005	3643.211
3642.086	3643.735
3642.713	3643.781
3644.006	3644.862
3644.058	3645.292
3642.706	3645.745
3644.810	3646.638
3646.527	3646.851
3647.253	3648.989
3649.095	3649.789
3650.635	3651.197
3650.386	3652.997
3653.788	3657.495
3657.142	3658.295
3653.937	3658.455
3658.277	3660.015
3657.527	3660.074
3659.379	3662.101
3661.582	3662.757
3661.158	3664.024
3662.139	3664.074
3662.441	3664.446
3662.357	3664.823
3662.518	3665.392
3666.105	3666.758
3662.457	3667.128
3665.387	3667.434
3666.450	3668.058
3671.161	3671.562
3673.903	3676.414
3676.244	3677.556
3674.785	3677.650
3676.181	3679.872
3678.842	3680.669
3676.252	3681.282
3679.436	3682.568
3682.276	3684.185
3682.003	3684.789
3682.094	3685.305
3683.998	3685.953
3682.872	3686.766
3684.490	3687.527
3686.383	3687.808
3682.748	3688.112
3687.059	3688.614
3686.509	3688.974
3689.456	3691.824
3691.937	3693.790
3695.715	3698.321
3699.504	3705.548
3699.038	3705.590
3702.791	3706.204
3704.712	3709.218
3709.235	3710.556
3710.596	3712.335
3710.844	3713.375
3711.889	3714.250
3710.817	3714.287
3711.627	3715.194
3714.967	3716.545
3713.430	3717.591
3715.229	3717.995
3714.771	3718.209
3719.289	3720.673
3719.098	3720.788
3719.564	3721.567
3719.699	3723.410
3728.171	3729.725
3729.706	3731.850
3730.614	3733.086
3731.501	3734.267
3731.166	3734.571
3732.445	3736.671
3733.373	3737.095
3736.318	3737.446
3736.843	3739.293
3733.958	3739.406
3739.386	3740.340
3742.689	3744.762
3739.797	3744.913
3745.538	3746.919
3746.734	3748.082
3746.504	3749.104
3744.824	3749.448
3754.108	3754.753
3754.165	3756.347
3754.053	3756.922
3756.086	3757.899
3758.329	3759.950
3759.841	3760.599
3760.684	3761.370
3758.748	3761.597
3765.461	3767.222
3766.111	3769.413
3769.883	3771.095
3772.332	3773.634
3772.426	3775.428
3774.614	3778.544
3774.653	3778.605
3775.900	3779.490
3774.764	3780.197
3777.411	3780.712
3776.883	3780.926
3777.396	3781.254
3779.783	3782.024
3781.363	3782.115
3779.576	3783.649
3785.666	3787.702
3785.279	3787.978
3787.884	3789.235
3788.687	3790.774
3789.123	3791.505
3790.753	3792.139
3794.711	3795.588
3798.338	3802.199
3800.575	3805.874
3801.715	3806.129
3802.540	3806.753
3802.141	3807.399
3802.904	3807.539
3803.840	3808.253
3806.603	3809.368
3808.991	3810.640
3810.187	3812.145
3812.872	3814.680
3814.390	3817.942
3817.731	3819.860
3818.385	3819.867
3820.681	3821.057
3819.587	3821.472
3821.183	3821.848
3820.025	3821.856
3821.657	3823.667
3822.922	3824.137
3824.124	3827.109
3826.464	3827.218
3828.559	3830.752
3829.819	3832.208
3830.656	3832.476
3829.627	3833.340
3831.176	3833.625
3834.540	3835.100
3834.614	3836.006
3834.122	3836.007
3835.607	3836.714
3834.669	3836.864
3831.356	3837.926
3835.709	3838.438
3838.222	3839.190
3839.848	3842.453
3840.749	3843.414
3846.037	3847.258
3846.920	3847.462
3848.435	3851.188
3850.054	3851.246
3854.321	3855.217
3854.613	3856.145
3855.086	3856.232
3853.367	3856.241
3858.104	3859.305
3857.724	3860.581
3862.208	3863.274
3864.085	3864.654
3863.995	3865.026
3865.525	3866.795
3865.366	3867.046
3866.892	3867.921
3866.033	3868.932
3868.988	3871.634
3871.209	3872.456
3872.138	3872.598
3873.122	3873.768
3873.423	3874.319
3874.833	3877.136
3876.223	3878.758
3876.792	3878.907
3877.965	3879.153
3881.829	3884.010
3881.797	3884.365
3883.172	3885.775
3885.357	3886.481
3885.230	3887.594
3886.849	3889.109
3888.806	3894.036
3892.886	3894.927
3892.890	3895.324
3894.238	3895.373
3893.639	3896.909
3894.869	3897.286
3897.031	3898.747
3899.266	3900.480
3896.859	3900.764
3901.284	3902.457
3901.953	3904.010
3902.672	3905.280
3901.986	3905.542
3903.323	3907.153
3905.198	3907.951
3898.987	3908.587
3902.757	3908.804
3905.434	3908.854
3906.511	3909.164
3907.269	3911.871
3912.763	3913.820
3916.042	3919.335
3918.003	3919.484
3918.421	3919.873
3921.407	3922.230
3922.290	3924.025
3921.827	3925.707
3923.763	3925.892
3926.911	3928.418
3928.960	3929.640
3928.714	3929.836
3928.764	3930.365
3930.460	3934.197
3934.540	3936.276
3938.469	3940.106
3940.771	3942.003
3943.110	3945.196
3944.672	3946.276
3947.884	3950.314
3948.707	3950.852
3948.052	3951.094
3948.940	3952.041
3955.183	3957.967
3959.792	3960.498
3960.153	3961.678
3959.174	3962.932
3963.348	3965.067
3963.529	3965.130
3965.075	3966.483
3963.698	3968.318
3967.375	3970.032
3966.313	3970.284
3968.288	3971.901
3971.007	3975.360
3972.651	3975.830
3973.086	3977.265
3975.478	3978.813
3973.767	3978.873
3976.945	3980.041
3973.568	3980.115
3977.931	3980.381
3978.563	3980.698
3980.835	3982.371
3981.735	3982.828
3980.962	3983.234
3980.762	3983.574
3982.659	3983.779
3983.452	3984.683
3985.217	3986.595
3984.424	3987.062
3986.328	3988.383
3987.374	3988.603
3985.439	3989.241
3988.571	3990.146
3987.843	3990.245
3989.982	3992.059
3989.018	3992.508
3992.315	3993.493
3993.225	3993.852
3994.215	3995.109
3995.445	3997.796
3998.155	3998.960
3998.087	3999.291
4000.148	4001.118
3999.937	4001.629
4002.703	4004.329
4003.192	4004.441
4003.016	4004.472
4006.065	4008.653
4008.654	4010.694
4011.498	4012.170
4011.320	4013.294
4011.125	4013.560
4015.629	4015.846
4014.659	4016.991
4016.106	4018.719
4017.147	4020.205
4019.103	4020.800
4019.780	4020.898
4022.563	4024.483
4024.974	4025.501
4024.667	4026.985
4023.069	4027.076
4023.760	4027.146
4027.298	4028.001
4026.908	4028.332
4028.108	4029.274
4025.400	4029.629
4027.712	4029.631
4034.079	4036.294
4035.591	4039.129
4036.114	4039.255
4039.674	4040.794
4039.934	4041.323
4043.101	4043.444
4048.882	4049.952
4050.010	4050.995
4048.544	4052.397
4052.954	4053.907
4052.814	4054.106
4052.692	4054.733
4054.078	4055.272
4053.037	4055.572
4053.423	4056.768
4055.100	4057.291
4055.763	4057.894
4056.587	4058.808
4057.205	4058.979
4059.242	4059.294
4057.559	4060.005
4060.010	4060.676
4060.163	4063.221
4063.906	4064.760
4065.611	4065.743
4064.126	4066.509
4066.526	4068.175
4065.045	4069.175
4070.921	4071.681
4069.517	4072.241
4071.789	4075.887
4073.804	4075.980
4079.831	4080.609
4085.041	4089.451
4086.252	4091.616
4088.347	4092.856
4086.544	4093.412
4087.852	4093.626
4089.886	4093.760
4093.893	4094.520
4089.447	4095.269
4093.902	4095.544
4095.072	4096.008
4088.655	4096.300
4095.595	4096.445
4093.195	4097.768
4096.195	4098.733
4098.711	4102.069
4097.482	4102.201
4101.579	4102.641
4101.378	4103.238
4103.923	4104.834
4105.613	4107.005
4109.044	4110.583
4109.257	4110.694
4113.884	4116.496
4113.372	4116.572
4112.907	4117.158
4118.688	4120.430
4120.974	4123.531
4123.954	4125.483
4123.441	4126.212
4122.324	4126.450
4126.714	4127.945
4126.827	4127.958
4128.490	4129.828
4129.342	4131.863
4132.331	4133.463
4133.756	4133.999
4136.124	4138.149
4137.054	4139.325
4138.738	4140.643
4140.048	4141.035
4140.508	4141.619
4143.205	4143.775
4144.290	4145.617
4144.671	4146.267
4145.714	4147.635
4149.766	4150.974
4150.432	4152.279
4153.783	4154.322
4152.604	4155.652
4153.966	4155.715
4154.101	4155.908
4154.144	4156.831
4156.427	4157.935
4157.770	4159.315
4158.329	4160.046
4162.562	4163.286
4163.570	4164.570
4160.710	4164.681
4162.943	4165.525
4163.681	4167.718
4165.122	4167.861
4163.700	4168.637
4167.802	4169.572
4166.847	4170.227
4166.885	4170.625
4169.540	4170.882
4168.501	4170.907
4169.636	4172.482
4169.701	4173.007
4174.042	4175.235
4174.350	4176.435
4177.327	4177.906
4178.216	4179.058
4177.941	4179.832
4179.683	4181.219
4183.005	4185.859
4185.208	4186.109
4185.897	4186.806
4181.325	4187.339
4187.896	4189.686
4188.604	4190.308
4192.508	4192.792
4193.625	4195.665
4193.219	4196.802
4195.857	4196.874
4196.406	4197.191
4197.850	4198.616
4198.176	4198.964
4199.056	4200.694
4200.221	4201.481
4201.372	4202.067
4200.698	4202.798
4202.080	4203.205
4202.026	4203.488
4203.112	4205.039
4210.741	4210.951
4207.887	4212.002
4212.667	4214.108
4211.686	4214.956
4215.769	4215.984
4215.025	4216.767
4216.559	4219.205
4217.769	4219.685
4217.515	4219.759
4218.986	4220.611
4222.885	4225.138
4223.460	4226.077
4222.280	4227.913
4224.061	4228.444
4227.822	4229.879
4227.954	4230.631
4228.225	4231.107
4228.137	4231.829
4228.622	4231.932
4229.170	4232.796
4231.892	4233.822
4229.598	4234.074
4230.275	4234.207
4229.693	4235.418
4234.154	4236.797
4235.988	4237.130
4235.363	4237.353
4236.585	4237.383
4235.568	4238.386
4236.870	4239.145
4236.570	4240.860
4240.027	4242.145
4240.861	4242.492
4241.890	4242.616
4241.048	4243.884
4243.792	4244.045
4243.961	4245.579
4250.276	4251.751
4250.922	4252.376
4252.149	4253.524
4252.312	4253.597
4253.190	4255.331
4253.436	4256.329
4252.653	4256.835
4256.451	4256.981
4260.013	4261.096
4260.805	4263.441
4262.834	4264.529
4263.107	4265.954
4265.035	4266.588
4267.164	4268.862
4267.740	4269.652
4267.634	4269.814
4269.048	4270.750
4269.580	4271.869
4271.238	4272.219
4268.476	4272.787
4272.839	4273.089
4273.230	4274.915
4272.530	4275.401
4273.955	4276.006
4274.784	4276.728
4276.406	4278.189
4275.904	4278.854
4276.262	4279.592
4276.495	4279.735
4279.538	4282.650
4283.616	4285.572
4284.904	4286.666
4287.318	4287.997
4287.949	4290.393
4289.579	4290.501
4290.014	4292.125
4291.821	4294.184
4290.924	4294.362
4290.883	4295.125
4294.681	4297.528
4296.069	4298.258
4297.698	4298.843
4295.751	4299.762
4298.680	4300.721
4307.163	4310.307
4307.965	4310.970
4308.082	4311.576
4311.730	4313.678
4314.483	4315.129
4314.576	4316.412
4312.679	4316.634
4315.722	4318.568
4314.888	4318.962
4317.093	4319.759
4316.365	4319.816
4318.690	4320.591
4318.774	4321.044
4322.861	4323.974
4324.011	4325.038
4324.467	4326.702
4325.195	4327.091
4329.826	4331.183
4330.519	4333.082
4334.758	4335.919
4333.273	4335.965
4335.161	4337.130
4335.630	4337.341
4338.310	4339.645
4339.582	4340.003
4338.690	4341.170
4343.355	4343.957
4344.699	4346.932
4345.819	4347.360
4347.161	4348.155
4345.174	4348.504
4348.417	4349.948
4350.779	4351.611
4351.907	4352.257
4351.092	4352.355
4353.033	4354.252
4353.755	4354.678
4355.465	4355.737
4355.798	4357.664
4356.695	4357.665
4357.462	4358.756
4359.016	4360.804
4359.197	4361.663
4359.659	4361.709
4361.042	4362.172
4363.093	4364.760
4360.967	4365.015
4366.662	4367.837
4365.583	4368.374
4368.931	4369.237
4367.267	4370.456
4373.742	4374.482
4373.085	4375.269
4375.694	4376.606
4376.673	4378.506
4380.866	4381.495
4381.690	4382.939
4380.984	4383.729
4381.829	4384.458
4384.886	4385.199
4384.371	4386.717
4384.631	4386.813
4387.745	4389.815
4388.163	4391.236
4387.175	4391.250
4389.988	4392.057
4388.630	4392.087
4390.018	4393.669
4390.092	4393.701
4390.188	4393.743
4392.276	4395.630
4392.028	4396.496
4390.344	4396.950
4393.782	4397.171
4397.131	4399.042
4393.855	4401.074
4397.277	4401.257
4401.709	4402.569
4399.954	4402.643
4400.380	4402.859
4402.156	4404.490
4403.110	4405.080
4403.061	4406.400
4404.542	4406.690
4403.960	4408.584
4407.385	4409.704
4408.281	4409.848
4408.565	4411.553
4409.699	4412.263
4412.256	4413.222
4412.840	4413.979
4411.939	4414.351
4412.847	4415.018
4413.384	4415.786
4413.120	4416.007
4412.900	4416.070
4414.798	4418.216
4417.179	4419.879
4416.321	4420.009
4417.322	4420.031
4417.403	4421.513
4420.527	4421.736
4418.287	4421.832
4421.538	4421.954
4421.224	4424.854
4425.333	4426.955
4425.982	4427.488
4426.332	4428.465
4427.065	4428.722
4430.159	4430.558
4430.296	4431.982
4431.922	4432.311
4431.653	4433.780
4434.149	4434.318
4433.239	4436.376
4438.948	4439.629
4438.564	4439.879
4438.603	4440.227
4439.463	4440.593
4439.652	4441.309
4444.051	4444.933
4444.202	4445.526
4444.050	4445.702
4443.427	4446.578
4445.305	4447.697
4446.289	4448.379
4445.739	4449.009
4446.619	4449.096
4445.580	4450.144
4449.555	4451.993
4447.194	4452.165
4449.200	4452.267
4450.426	4453.370
4451.507	4454.187
4449.601	4454.395
4451.788	4455.604
4456.161	4458.421
4458.285	4460.480
4461.369	4463.218
4463.385	4465.965
4464.133	4466.902
4469.512	4470.410
4470.190	4472.062
4472.874	4473.248
4472.812	4473.948
4474.319	4476.010
4475.807	4476.461
4474.724	4476.823
4477.859	4480.987
4479.512	4481.434
4479.630	4481.987
4479.743	4482.090
4480.985	4483.871
4480.839	4484.708
4483.910	4485.487
4481.989	4486.293
4486.663	4487.172
4484.966	4488.682
4488.108	4489.358
4487.588	4490.004
4488.465	4490.263
4490.229	4492.341
4492.917	4494.076
4491.288	4495.218
4492.880	4495.927
4495.540	4496.130
4493.838	4496.770
4496.707	4498.308
4497.856	4499.065
4497.458	4500.474
4498.754	4502.028
4499.637	4502.654
4501.610	4502.992
4502.971	4503.254
4501.615	4503.824
4501.068	4503.884
4503.772	4505.288
4504.377	4505.725
4505.723	4508.099
4509.454	4509.952
4506.580	4510.354
4508.776	4511.173
4509.458	4512.018
4513.139	4513.682
4512.402	4514.083
4515.082	4517.765
4516.620	4517.929
4515.818	4518.919
4516.895	4520.040
4519.448	4520.846
4517.916	4521.104
4519.159	4522.315
4522.494	4524.092
4525.572	4527.010
4525.480	4527.251
4527.918	4528.955
4527.830	4528.963
4530.524	4532.980
4528.175	4533.054
4530.818	4534.622
4528.739	4534.670
4535.188	4536.795
4535.897	4537.275
4537.057	4537.907
4538.405	4539.948
4539.656	4540.860
4541.284	4542.798
4543.846	4545.255
4545.979	4547.920
4550.723	4551.356
4550.365	4552.119
4550.942	4553.382
4552.968	4554.083
4553.079	4554.365
4552.194	4554.854
4554.448	4557.391
4557.462	4559.336
4559.523	4560.853
4559.155	4560.931
4560.261	4561.965
4559.992	4563.558
4560.744	4565.298
4562.198	4565.683
4558.014	4565.930
4562.997	4566.098
4567.115	4567.485
4569.421	4571.091
4568.680	4571.792
4571.114	4572.255
4571.850	4572.947
4576.855	4578.313
4576.436	4578.849
4578.087	4580.191
4591.396	4598.014
4592.332	4598.761
4594.549	4600.449
4599.479	4600.828
4600.664	4601.483
4607.104	4607.646
4608.036	4610.229
4608.560	4610.965
4609.457	4611.667
4609.671	4612.301
4611.230	4613.344
4611.538	4614.183
4615.232	4615.602
4615.211	4615.839
4617.734	4618.538
4617.503	4620.948
4619.412	4621.478
4620.774	4623.584
4620.073	4624.063
4621.636	4625.623
4625.972	4628.328
4629.254	4630.510
4623.737	4631.600
4630.427	4631.864
4631.863	4633.939
4637.281	4639.442
4637.664	4639.551
4638.881	4640.491
4639.077	4642.011
4640.093	4642.063
4641.209	4645.330
4640.437	4645.650
4642.211	4646.269
4642.769	4648.159
4642.693	4648.313
4645.935	4649.237
4647.285	4649.447
4646.264	4649.457
4651.583	4652.720
4650.506	4653.482
4652.986	4654.618
4652.788	4654.752
4655.385	4656.102
4657.441	4658.864
4656.781	4660.078
4658.954	4660.384
4659.165	4662.130
4660.401	4662.218
4662.096	4662.503
4668.519	4669.338
4668.807	4669.413
4670.056	4671.730
4669.105	4672.258
4671.574	4673.647
4672.366	4674.294
4672.200	4675.074
4675.071	4676.544
4677.375	4678.403
4675.333	4678.724
4675.922	4679.968
4679.076	4681.012
4678.126	4681.744
4680.429	4683.156
4679.997	4683.212
4680.000	4684.602
4682.818	4684.622
4685.032	4686.754
4685.935	4687.200
4689.130	4689.500
4689.167	4691.253
4691.614	4692.969
4688.399	4693.476
4692.953	4694.604
4693.826	4694.969
4695.609	4698.154
4697.113	4698.376
4698.114	4700.350
4700.175	4701.740
4705.557	4706.967
4705.155	4707.375
4704.705	4707.949
4709.579	4710.509
4708.400	4710.901
4710.393	4712.246
4713.405	4714.929
4715.341	4716.146
4715.093	4718.166
4716.086	4719.879
4720.315	4721.262
4721.711	4722.782
4720.887	4723.321
4722.131	4724.016
4725.571	4726.786
4727.526	4728.839
4727.875	4729.919
4729.721	4731.196
4726.418	4731.388
4729.749	4731.951
4734.109	4734.629
4731.806	4735.868
4734.481	4735.995
4735.115	4736.962
4735.869	4738.066
4736.908	4739.407
4738.825	4739.947
4740.395	4741.640
4741.139	4743.063
4740.290	4743.535
4740.354	4744.603
4742.709	4745.045
4747.518	4748.479
4746.150	4748.753
4743.461	4749.069
4748.064	4750.332
4750.416	4751.361
4755.372	4756.179
4754.110	4756.507
4755.671	4757.417
4755.374	4758.050
4755.908	4758.151
4755.937	4758.911
4758.451	4760.602
4758.726	4761.505
4759.875	4761.838
4761.499	4762.519
4758.531	4762.948
4760.638	4763.961
4765.632	4766.003
4764.386	4768.003
4768.120	4769.182
4769.346	4770.091
4769.198	4771.674
4771.043	4772.197
4771.188	4772.372
4772.806	4773.844
4773.526	4774.081
4772.408	4774.761
4776.201	4777.024
4777.553	4778.609
4778.270	4779.821
4776.803	4780.465
4778.743	4781.451
4782.087	4782.763
4780.869	4784.397
4784.200	4784.899
4784.634	4786.717
4785.586	4786.954
4786.130	4787.441
4784.897	4787.485
4788.454	4789.462
4789.381	4791.062
4789.300	4791.075
4790.040	4791.898
4789.785	4792.318
4790.220	4792.633
4790.314	4793.895
4785.741	4794.760
4795.422	4797.883
4796.023	4798.532
4798.546	4799.444
4796.821	4800.005
4799.410	4800.450
4802.032	4804.516
4806.775	4807.915
4805.499	4808.181
4808.475	4809.363
4808.412	4810.308
4812.300	4812.877
4809.906	4813.452
4812.672	4813.606
4814.936	4816.426
4816.924	4818.098
4816.510	4818.366
4817.116	4818.800
4816.949	4819.399
4817.131	4820.024
4823.222	4824.141
4824.772	4825.796
4826.160	4827.984
4828.039	4829.880
4824.916	4831.754
4826.424	4832.667
4829.844	4833.311
4828.147	4834.052
4830.130	4834.157
4830.135	4834.569
4833.687	4834.982
4832.060	4835.622
4834.633	4836.954
4834.641	4838.119
4836.953	4838.859
4837.798	4839.667
4839.238	4840.341
4836.103	4840.743
4842.605	4842.998
4844.891	4848.406
4851.124	4852.942
4856.760	4858.801
4859.691	4863.812
4860.917	4865.984
4864.454	4867.083
4862.389	4868.536
4871.449	4872.302
4870.931	4872.635
4871.816	4876.927
4874.148	4878.875
4877.211	4879.802
4873.207	4880.228
4879.179	4881.062
4882.088	4883.374
4882.646	4884.117
4883.072	4885.072
4887.259	4888.924
4888.561	4890.189
4887.472	4891.335
4888.837	4892.254
4888.853	4893.321
4892.266	4895.109
4893.245	4895.633
4889.074	4896.261
4896.740	4897.277
4896.066	4899.039
4897.420	4899.845
4897.490	4900.159
4898.247	4901.993
4899.041	4902.666
4899.765	4903.022
4900.437	4904.735
4899.218	4904.741
4904.231	4905.551
4905.013	4907.173
4905.193	4908.583
4908.510	4909.130
4909.048	4910.133
4907.930	4910.453
4909.538	4911.789
4910.527	4911.920
4909.887	4912.519
4912.953	4913.453
4913.519	4913.653
4911.294	4916.954
4913.317	4917.141
4920.672	4921.947
4920.058	4922.179
4923.756	4924.943
4923.181	4926.179
4924.770	4926.600
4923.556	4926.879
4925.083	4927.205
4924.628	4928.581
4928.306	4930.755
4929.528	4931.179
4931.541	4933.053
4936.218	4937.985
4940.947	4942.018
4937.570	4942.591
4941.606	4943.315
4945.039	4945.950
4947.806	4950.608
4948.690	4950.934
4949.925	4953.693
4952.040	4953.918
4952.140	4954.822
4953.558	4955.998
4955.773	4956.908
4954.131	4957.216
4958.112	4960.458
4958.770	4961.906
4959.677	4962.436
4957.098	4963.809
4963.246	4964.737
4963.976	4966.049
4962.755	4966.680
4968.095	4970.370
4968.824	4970.808
4970.931	4972.942
4972.701	4975.100
4974.085	4976.310
4973.803	4977.238
4975.943	4978.075
4976.720	4979.316
4977.880	4981.135
4977.506	4982.555
4979.907	4982.974
4981.792	4984.693
4983.074	4985.413
4983.661	4985.637
4984.104	4986.138
4984.286	4987.803
4986.803	4989.155
4987.649	4989.459
4988.610	4990.930
4990.331	4991.798
4989.670	4993.087
4991.301	4994.227
4993.690	4995.893
4991.165	4995.994
4995.502	4997.422
4994.597	4997.569
4996.920	4998.510
4995.903	4999.401
